/*--------------------------------*- C++ -*----------------------------------*\
| =========                 |                                                 |
| \\      /  F ield         | OpenFOAM: The Open Source CFD Toolbox           |
|  \\    /   O peration     | Version:  v1706                                 |
|   \\  /    A nd           | Web:      www.OpenFOAM.com                      |
|    \\/     M anipulation  |                                                 |
\*---------------------------------------------------------------------------*/
FoamFile
{
    version     2.0;
    format      ascii;
    class       labelList;
    note        "nPoints:3248  nCells:3085  nFaces:10878  nInternalFaces:4547";
    location    "constant/polyMesh";
    object      neighbour;
}
// * * * * * * * * * * * * * * * * * * * * * * * * * * * * * * * * * * * * * //


4547
(
1
650
2654
1034
2083
17
1621
2796
11
284
2344
14
149
3068
21
1276
2894
12
845
3020
25
1231
1968
73
1540
2145
23
1360
2817
36
1780
2807
1278
2750
1453
3063
16
95
1051
549
1130
19
922
1889
869
113
2130
140
1416
1906
24
2724
98
655
1240
614
2836
55
119
2091
1795
2019
70
468
522
1815
212
214
1573
58
104
1960
93
388
584
130
2062
2408
163
400
1528
100
134
1314
38
499
1541
107
282
565
95
336
403
255
591
2895
1636
2019
122
448
2607
76
1790
386
453
1170
85
1794
2050
276
463
235
379
1550
131
291
1782
92
567
904
181
536
1352
686
772
1473
246
1878
2103
103
153
517
101
1403
2492
121
1006
2744
169
423
1147
287
740
112
404
1968
79
393
3035
1850
2196
94
1213
1398
299
340
2631
793
1431
158
630
2109
150
1226
1350
88
773
1487
87
308
927
330
581
1852
301
1077
2354
327
444
1670
108
219
2666
263
320
1824
481
991
1150
157
1270
228
2886
165
1277
205
594
2153
543
3063
142
2139
2988
362
1366
1466
406
1250
212
886
1984
168
1063
734
1313
170
1837
2436
232
308
1169
175
1307
285
683
253
1675
1815
921
1056
182
1315
377
1569
1665
189
1108
339
533
667
470
924
981
375
765
534
2972
932
2568
1335
254
384
1810
291
1858
1920
1170
2471
191
1347
250
1943
871
2363
107
1160
1384
148
247
1105
2712
194
848
2599
322
1110
957
2307
2425
252
291
1303
648
1146
1524
436
1115
1520
1236
1599
1151
2366
399
513
1665
261
398
1779
155
294
964
122
334
2460
151
381
1504
560
2853
125
1863
2677
2459
2732
2458
242
968
2416
162
965
2047
1600
2693
284
309
2043
310
560
2514
461
897
152
190
1677
136
2780
564
2004
277
1069
2200
394
660
837
178
2414
151
200
562
260
2298
161
640
2550
185
433
751
187
467
1237
177
610
170
230
382
174
280
275
1178
1528
281
501
802
418
442
269
1138
2133
294
491
1728
266
1462
486
919
1549
2770
326
787
337
1132
223
339
2717
862
997
171
1052
1227
745
2456
391
1547
501
776
2622
244
389
2055
413
2710
521
2040
762
1924
368
1040
1370
761
2465
206
1027
1238
316
1106
1172
764
2465
1064
1719
2251
566
2049
203
370
908
193
1363
2886
477
1342
786
2472
305
1558
2201
840
872
1541
2476
226
548
1296
185
1264
1524
550
2961
830
2478
265
643
1144
528
1168
1359
1047
238
262
323
229
986
503
870
1594
839
2478
1188
1995
794
2522
381
631
875
243
2488
978
2751
431
850
972
248
617
1591
396
2126
2133
361
420
2572
213
1777
2157
332
1391
434
458
1602
278
344
2374
907
2713
579
854
2606
211
1316
895
1245
343
996
1735
290
293
2036
216
2064
2861
314
572
2417
307
636
1322
1398
2288
1153
1671
300
1298
2299
1947
2422
577
929
2527
302
808
883
453
1379
1078
1383
1444
342
639
2362
304
1026
1515
1220
2808
313
523
938
373
866
1127
668
2501
715
1054
2722
243
444
1306
1598
285
1767
392
1236
1373
2282
435
2259
2450
272
781
1759
2118
3035
315
1230
1577
334
1722
2792
1628
2737
391
1195
2390
410
1041
1447
270
579
1030
1215
2315
276
2345
3014
369
793
911
1115
2235
528
2411
641
2497
259
357
2426
800
2749
576
684
2760
656
2338
813
1501
423
1917
598
897
271
1437
2892
1050
1387
1390
382
687
1657
363
1019
329
2216
551
666
367
2688
1303
2583
318
749
1165
496
2124
620
1359
279
807
874
402
933
1598
659
2126
447
2658
988
2846
1040
3070
360
674
978
387
440
2128
836
889
1563
1877
2035
992
1060
826
1291
460
672
863
2271
295
331
640
984
2020
616
2137
397
428
2528
1152
1485
298
934
1429
1004
1269
1297
1770
2018
1015
1041
478
1506
729
296
917
455
519
570
864
1663
791
955
769
1601
383
1682
584
1809
2333
2812
518
562
1035
425
2980
1043
1156
651
999
2287
418
1654
487
1445
1625
2784
338
522
1014
364
512
2143
1729
2117
514
2542
1281
1859
763
925
903
1096
1112
2159
535
1096
1582
549
3074
429
2081
2178
965
2024
411
1854
608
645
2043
598
789
2252
372
1495
463
1339
496
726
1215
380
1952
435
1088
1011
2177
1366
1510
370
584
1868
790
836
1052
1709
796
869
602
2411
1392
2730
1861
920
1256
412
1046
1091
1037
1864
1082
2154
1066
2219
445
1014
1231
430
1591
1603
606
1058
1667
427
594
1799
365
405
3084
402
589
595
568
975
1375
416
1071
1362
540
1171
1289
422
1584
2021
505
600
1341
547
608
2435
596
619
655
783
2561
550
796
877
742
848
2261
2554
468
2876
1263
2985
595
2754
1018
2491
613
1261
802
831
1672
1961
1431
2529
1033
526
650
2804
583
1915
496
582
746
791
2523
557
2070
622
877
1352
902
974
472
704
2343
1423
1697
2205
2442
1510
1632
675
1106
779
2786
731
771
561
1379
1288
1487
482
690
2900
2932
409
1141
446
445
962
1697
1771
1664
2512
456
586
2167
671
2881
1121
1569
1560
688
2657
474
647
446
951
1775
2120
550
2927
856
1081
1404
2883
962
1048
566
825
1385
452
555
2274
886
2517
842
2177
2648
2859
1435
1566
607
1536
498
969
2296
447
2573
2831
1482
2660
438
583
1891
2132
551
961
1497
943
2676
615
1950
2169
2001
2455
2107
511
945
2656
580
2820
777
1975
2172
534
816
1713
994
2867
1917
2850
586
1405
569
598
1685
484
500
1045
1280
736
567
3054
847
896
999
1199
2073
571
713
2176
1284
475
890
2032
1600
2701
464
1005
1463
1889
876
1838
2606
454
1030
634
1196
2127
504
1859
2207
706
1344
2659
481
693
711
649
1479
695
2090
754
1464
701
722
953
479
2103
721
739
1119
3045
789
2195
674
757
1610
2088
874
1862
780
1137
1613
609
759
2484
933
1321
632
677
719
1078
659
2680
515
1036
2164
1260
1569
485
768
2589
1140
2604
2641
2839
799
817
2041
2349
1337
1658
1053
3043
1022
1744
1812
2352
716
1033
679
1712
2848
1134
2331
514
2194
858
2340
556
726
537
667
2859
537
703
1773
627
718
1034
900
2959
716
958
2936
661
1173
1529
790
1220
1266
625
1316
3081
635
1081
1422
1145
1672
963
2263
541
1151
2187
530
1861
2689
1579
1704
1126
1408
707
1325
669
993
2330
592
1161
2524
685
731
991
737
967
3069
748
930
1629
948
3076
995
2894
2473
2707
944
717
1990
520
987
1270
1462
1499
1461
2770
852
2046
1072
1277
633
1110
1501
675
1608
539
1168
2647
710
1105
2691
718
2412
815
1211
2850
2387
607
623
2533
2115
2808
654
1940
2647
587
601
1167
1538
2756
1102
923
2331
717
2649
2648
678
1588
2361
1942
2293
1411
1699
755
770
775
949
2380
1280
1453
724
881
934
658
976
2434
552
2191
2759
853
1813
2300
2424
1857
740
1945
2314
611
861
1482
1163
1304
1508
1821
2654
645
2124
1679
2763
781
832
1370
959
1239
2190
2185
655
948
847
821
1221
2338
3075
852
2692
1781
2070
804
2186
2078
2640
741
3023
2745
2828
834
1349
605
1163
1185
735
893
2874
676
1317
1967
2400
2564
1327
2833
800
2605
2608
2149
634
1956
1018
3082
1144
1624
1995
894
1145
2003
2966
681
1757
597
1068
1307
1617
1789
846
1539
2314
603
1685
2105
2353
657
677
2095
743
1276
750
891
1166
1315
769
1354
1557
2102
2555
1954
2548
1187
2968
604
1386
1642
2726
1412
1696
895
1636
980
1955
1249
2845
616
1065
1971
2068
806
1776
2269
1180
2522
782
973
2006
2742
1427
640
2800
781
784
2229
1104
3020
983
2835
882
899
1073
1903
2744
965
1002
720
1997
2418
868
1654
931
1189
2242
841
1259
835
925
1097
853
1100
1790
1838
1843
659
1504
2112
2724
1109
1347
1156
1933
2124
699
2701
793
1401
2270
792
1259
2940
1557
2501
1810
1917
753
1114
2984
1422
2548
843
844
1871
1933
670
855
3065
652
942
751
2082
2096
2458
2794
2878
762
2033
884
1905
2695
1053
1869
840
1111
1444
1568
1701
2148
784
899
749
960
787
1841
2292
725
1042
2019
895
1120
1206
1181
1548
1795
1434
2872
2717
2362
2955
783
2663
698
2449
1344
1550
1683
2806
1074
1149
1279
2502
1626
685
1975
1888
2023
2240
1567
2205
767
1472
1786
856
1597
696
1875
1656
2251
1175
1664
2172
1611
2059
1107
1515
773
1912
1329
1433
1102
1177
956
1183
2438
699
801
1206
2227
2651
838
1092
1701
2139
2582
1023
1991
825
1021
1228
906
1171
2247
940
944
2588
862
1050
1295
1551
863
2367
1665
2110
919
2052
2946
2112
2881
1409
2152
788
864
1562
718
841
1833
924
2110
1910
2504
983
1350
2433
1004
2893
803
866
1564
1458
2839
2080
1069
1469
1634
1145
2267
912
2011
947
1430
760
1336
2089
1126
2207
1182
1636
968
728
1010
2014
1662
2555
2303
2735
938
1021
1843
1734
992
1302
1839
1255
1896
810
1471
1292
2094
998
2790
900
2959
1003
1267
2882
984
2665
1779
1614
2219
1305
2507
1102
2509
797
1632
2838
921
1900
1437
2837
827
902
2888
1769
2718
1253
1440
3069
1080
928
2075
982
1319
1502
1559
1019
2366
992
1281
1408
1023
2275
778
1914
2664
1419
2562
1139
764
1160
1293
826
880
957
1057
2309
812
1208
3053
2816
859
2962
1037
1080
2295
1150
2614
789
799
1806
1031
1620
2529
2815
2902
2575
2654
1486
2310
1147
1417
1225
2178
1639
2518
945
2674
798
1217
2189
996
1929
804
808
2268
2607
871
811
2417
1180
1306
1148
1399
1979
2037
1067
1767
1126
2045
2195
2414
1103
2693
2409
823
946
1677
813
1418
2594
1585
2759
867
1005
1286
939
1747
1844
1383
2541
818
2542
1953
2660
2914
850
911
949
1840
1935
2715
2998
1192
2687
841
2645
831
1369
2546
1017
1662
2261
885
2576
1095
1287
2199
844
2286
829
857
1922
3057
2479
927
1690
1674
1742
1168
1977
839
1264
2537
899
2160
1049
1111
1993
1987
2656
1106
1218
1212
926
1527
1132
1187
1047
1824
1011
1063
934
1825
1346
1555
2065
1301
2586
2602
1326
1099
1211
1323
1700
1446
1879
2526
2027
2625
2911
2818
2921
1954
1174
1574
1007
2209
1448
2419
980
995
1730
1061
1368
1157
2688
2174
1194
1374
1526
2067
1162
2479
879
1949
1523
2977
1623
1993
2445
1079
1381
2323
1788
2126
2907
1123
1196
1896
1008
1024
1777
2066
2650
925
1090
1191
1918
1258
2160
1001
1020
1802
2100
1122
2949
3042
1216
1541
1592
1026
1156
1345
1016
1946
1064
1840
967
1768
1174
1659
1763
2006
2855
1477
2615
950
1391
1098
975
1590
3038
997
1226
1388
1604
1723
1283
1578
1514
2306
1285
1454
1849
940
2278
2797
2257
964
2303
2919
1023
1032
1051
2270
1257
2020
962
1025
1123
936
2084
3058
1135
1334
2166
985
2802
2871
1881
2289
1013
1754
2202
3049
989
1213
987
1012
1522
1108
1134
2343
1118
1832
1973
1853
2210
2200
2633
1537
3007
1137
2814
1190
1256
1542
1001
1142
2611
1409
2761
1139
2161
1518
1521
2276
3065
1117
1358
2327
2698
2785
2723
2751
1987
1349
1149
1503
1390
2217
1287
2029
982
2906
1614
3011
1092
1885
1742
2279
1273
1304
1855
1918
2837
2349
2554
1011
2975
2371
1197
2278
1162
1485
1048
1586
2279
1219
2028
2728
1962
1445
2267
2663
990
1736
2114
1075
1699
1808
1982
2270
1136
1364
2173
1911
1187
2682
1154
1323
1451
2312
1129
2188
2956
1442
1138
1406
2287
2290
2550
2583
2669
1125
1180
2403
1061
3080
1910
2498
1511
1831
2274
1349
2508
1402
2679
1203
1068
1925
1198
1516
2392
1176
1500
2487
2819
1536
2377
1113
1878
1908
2241
2146
2440
1448
3010
1113
2288
1308
1401
1960
1534
1680
1697
2151
1621
2796
2127
1193
1676
1924
2397
1534
2572
2328
2426
1523
2721
2117
2855
3030
1267
2505
1048
1389
1107
1694
1799
1267
1820
1985
1056
2403
2700
2446
1913
2636
1335
2223
2257
1997
2602
1352
2805
1797
1322
1436
1740
1064
1372
2709
2156
1703
1879
2381
1345
1400
1128
2358
2557
1467
1942
1327
2845
1134
1513
3059
1157
1991
2061
1942
1356
2524
1198
1253
1516
1491
1296
2104
1245
2321
1305
1783
2332
1101
1195
1071
1082
2494
2735
1703
1445
2445
1195
1614
1085
1978
2494
2633
1086
2049
2798
3078
1160
1229
1396
1527
2286
2326
2114
2398
1202
1876
2246
2300
2972
2933
1325
1409
2221
2215
2116
1158
1536
2671
1382
1785
1995
2063
2596
1199
2061
1720
2122
1198
2832
1103
1397
1489
1338
2703
1117
1249
1309
1749
2131
1105
1406
1588
1849
2666
1741
1310
1791
1620
1681
1755
1250
2779
2045
2390
2677
1555
2180
1583
1741
1306
1332
2165
2534
2278
2588
2235
2388
2943
1415
1417
1436
2801
2452
1650
2302
2027
2046
1182
1397
1221
1260
1595
2741
1377
1148
1494
1860
1519
1581
1215
2383
2244
3037
1244
1506
1727
2428
1540
1695
2302
1580
1227
1272
1709
1832
2170
1807
2516
1413
2240
1952
1219
1785
1573
2444
1552
1631
1426
1480
1784
2642
1728
2917
2140
2408
1638
2407
2441
1201
2348
2799
1203
2696
1246
2380
2866
1164
2318
1342
2761
3017
1458
3039
2708
1459
1834
1925
1516
1765
1264
1367
1230
2010
1764
1973
1243
1197
1291
1626
1736
2793
2395
1334
3015
1911
2265
2929
2936
2061
2474
1300
1946
2018
2473
2657
1446
1342
2705
1185
1508
1526
1715
1218
1443
1791
2753
2922
2022
2396
1415
1512
1217
1965
1317
2059
1447
1519
1268
2524
1377
2720
2474
1313
1471
1800
1531
2051
2007
2294
2413
1394
1419
1534
1387
1388
2810
1238
1235
2485
2630
1460
3037
1439
2136
2214
1428
1805
2356
1603
1251
1946
1652
1223
1310
2830
2064
2414
1957
1298
2785
1722
2528
1340
1715
2634
1535
2792
1438
1717
1698
1908
1819
1432
1585
1384
1468
2642
1236
1376
2198
2355
1253
1529
2904
1248
3000
2360
1581
3072
2247
2134
3013
1872
2561
1365
1570
1705
1294
1505
2463
1652
2569
1337
2228
1484
2457
3033
1314
1470
2057
3006
1355
1373
1816
2101
1484
1988
2262
1615
2336
1903
2076
1512
2482
2978
1378
2505
2418
1595
1519
1676
1793
2204
2264
2661
1377
1956
3047
2591
2787
1565
2353
1554
1698
2144
1509
1521
2771
1788
1835
2186
2884
1290
2013
2978
1663
1804
2574
1789
2144
1474
2273
1830
2356
2364
2755
1457
2329
3044
1582
2774
1707
1863
2379
2638
1523
2500
1379
1299
1806
1559
2449
1984
3042
2072
1792
1950
1506
1902
2138
2689
1499
2448
2306
1452
2176
2521
1489
1707
2250
2483
1311
2385
2374
3019
2669
2885
1738
2158
1548
2870
1616
1338
2291
2829
1400
1631
2626
1494
2600
2158
2509
1753
1441
1711
2743
2255
2967
1505
2376
2969
1481
3018
1671
2099
1456
2425
2597
1353
2022
2507
2106
1351
1937
2220
1488
2431
1630
2250
2350
1393
1744
2617
1598
2054
1553
2603
2736
2399
1435
1792
2224
2506
1886
1438
1712
1530
2102
1662
2305
1575
1630
1786
1423
1583
2067
2212
2165
1518
1608
1775
1388
1618
2628
1639
1897
1512
1520
1358
2581
1374
2890
1365
1589
2432
2312
1574
2758
3051
1609
1655
2016
1460
2889
2942
2943
1380
2836
2427
3025
1524
1605
1437
2079
2409
1637
1547
1919
1957
2032
2619
1599
1693
1500
1855
1708
2991
1777
1817
1420
1681
1639
1789
2028
2753
2351
2098
2284
2405
1782
2565
1887
1865
3047
1604
2909
2201
2668
2820
2980
1498
2562
1619
1801
1846
1820
2025
1446
2569
1521
1800
1766
1951
1778
2930
2326
2356
2580
2605
1593
1941
2240
1522
1771
2085
2045
1606
2916
1502
2764
1425
1459
1706
2022
1469
1475
1895
2439
1427
2468
1450
2685
2812
1752
1693
2920
1483
1643
1762
1954
2151
1513
1618
2766
2014
2487
1433
2459
2344
1921
2492
1623
1871
1742
1588
1843
2109
1492
2460
2467
2452
1705
2088
2203
2852
2221
2295
1589
2811
2696
2710
2463
2521
2179
1737
2536
1476
1651
2765
1570
2140
1681
2301
1716
1894
1467
1996
3044
1517
1647
1846
2012
2991
1593
2684
2983
1726
2244
2981
1490
1607
2350
1593
2880
1649
3003
2909
2994
2293
1732
2403
1772
1856
2341
2179
1630
2483
1850
2252
1687
2937
1866
2851
1529
1736
2056
2995
1688
1980
3007
2446
1488
2236
1678
2092
2191
1880
2122
1694
2241
1622
1793
1713
2899
2526
1551
2290
1710
2060
1561
1758
1762
1796
1771
1533
2586
1583
1657
1766
2038
2703
2265
2704
1580
1726
1739
2167
2795
2944
1939
2521
1660
2226
2748
1565
2280
2686
3022
1556
1651
1937
1520
1557
1572
1818
2131
1838
2443
1645
1700
2029
2865
2320
2231
1696
2555
1607
2241
1586
1691
2520
1746
1841
1966
2141
2863
2987
2543
2813
1746
1953
1787
1617
1678
1721
2384
2470
1668
1732
2788
1549
1551
1640
2316
2388
2189
2758
2290
1627
2697
2721
1761
2200
1893
2954
2822
1646
1756
1631
2668
2782
2096
2467
2451
2459
1851
2931
2488
2383
2795
2825
2927
2947
1717
2442
2155
2686
1745
1849
1927
2372
2420
2964
2234
2835
1607
2051
1727
1857
2470
1624
2212
2015
1587
2208
1616
1737
1904
2475
2675
3027
1865
2007
2543
2897
2736
2958
1931
1790
2625
1686
2721
1669
1754
2134
2551
1815
1968
2119
1797
2905
1878
2882
2099
2217
1883
2494
3029
1682
1692
1829
1738
1875
1974
2091
1738
1750
1874
1936
2081
1802
2337
2448
2323
2315
2204
2895
1822
1674
2058
2326
2067
1724
2168
2402
1635
2869
2121
2537
1764
2734
2420
1711
1932
2432
1907
2248
2023
3064
1826
2160
1823
2389
2324
1884
2828
2260
2636
1714
1963
1725
2346
2375
1866
2979
1689
2646
1733
1970
1813
1933
2215
2547
1787
2320
2480
1910
2069
2218
2496
2939
2294
2653
2360
1837
1828
2706
1922
2655
2496
2566
1888
2248
2777
2268
1832
1778
2175
2893
1780
2238
2098
2272
2343
2680
1848
2008
2031
2156
1932
1937
3077
2254
1757
1811
2958
2281
1940
2924
2265
2487
2447
2041
2814
1704
1718
2977
1920
2532
2697
2422
2618
2163
2193
1831
2181
1731
2163
1748
1909
1837
2593
2516
2715
2264
3028
2014
2074
2720
2966
1803
1773
2499
2787
2113
2897
2074
2373
2677
1827
2965
1816
1778
2679
2493
1848
2128
1796
2513
2868
1893
2211
2609
2142
2898
1921
2308
1900
2456
1916
2844
2141
2048
2421
2325
2858
1780
1827
1855
2535
1883
2192
2402
2277
2533
2400
2662
2700
1801
2515
1753
1818
1929
1994
2594
2730
1984
2481
1792
1952
2216
2226
1805
1923
3053
1899
2716
2184
2319
1929
2472
1783
1890
1811
2394
3019
2572
2676
2687
2772
2920
3031
1943
2749
2486
2336
2342
2908
2009
2164
2440
1877
2769
1905
1834
2266
2951
2490
2862
1829
2971
2180
2655
1853
2368
2483
2706
2933
2979
2367
1848
1926
2848
2297
1919
2237
1819
2117
1920
2613
2146
2840
1891
2145
2590
1966
2254
1880
1900
2381
2466
2108
1872
1898
2778
2153
2771
2469
2803
1867
2834
2219
2530
2308
2526
2634
2868
1895
2764
1868
2739
2714
2914
2496
2874
2779
1873
1894
2176
2590
1826
1898
2664
2192
2505
2083
2995
1981
2391
1830
2544
1906
2207
2232
2778
2807
1836
2587
2725
1923
2357
2304
2729
1887
2072
2192
2506
2394
2755
2107
2538
1941
2002
2684
2280
2525
2011
2171
2517
1914
1948
2656
3076
2549
2365
2969
1916
2450
2734
1876
2827
1944
2125
2378
2078
2669
2232
1926
2085
2928
2590
2740
1972
2030
1999
2938
1885
2875
2713
2070
3043
1928
2675
2762
2286
2285
2828
1875
2737
2941
1912
2695
3041
3066
1930
1938
2430
2735
2135
2337
2239
2038
2823
2960
2095
2443
3032
2604
2027
2690
3055
2613
1907
2037
2102
2518
2157
2322
2742
2042
2222
2246
1924
2036
2732
2130
2652
2336
2378
2398
1986
1999
2021
2986
2903
2234
2444
2204
2073
3036
2923
2404
2109
2709
2311
2427
2266
2408
2887
2901
2716
2742
2228
2345
2099
2842
2694
2324
2488
2641
3031
2806
2814
2506
2741
2757
2462
1982
2057
2406
2777
1953
2660
2435
2625
2860
2921
2939
2216
1982
2347
1964
2273
2891
2005
2055
2464
2545
1974
1975
1992
2461
2285
2778
2266
2655
2122
2422
2435
1971
2005
2115
1974
2059
1976
3004
2131
2404
2108
2864
2000
3067
2065
2822
2971
2062
2276
2229
2987
2166
2399
2089
2147
2224
2334
2364
2178
2930
2639
2129
2789
2222
2251
2746
2035
2197
2185
2976
2766
2289
3066
2329
2372
2056
2104
2434
2747
2001
2163
2951
2935
2339
2347
2156
3052
2097
2565
2237
2762
2827
2085
2443
2026
2203
2486
2755
2307
2355
2577
2926
2190
2733
2532
2725
2183
2203
2727
2397
2497
2393
2133
2377
2320
2334
2136
2146
3048
2601
2262
2553
2811
2897
2584
2188
2852
2123
2423
2684
2643
2397
2872
2071
2111
2206
2054
2809
2242
2121
2737
2273
2258
2449
2887
2139
2277
2533
2245
2635
2405
2060
2695
2209
2325
2227
2718
2863
2120
2236
2083
2646
2279
2919
2100
3024
2585
2608
2293
2547
2237
2269
2094
2874
2184
2531
2402
2087
2954
2407
2614
2451
2084
2092
3026
2802
2404
2837
2257
3034
2221
3073
2281
2359
2554
2578
2798
2829
2092
3041
2185
2125
2233
2341
2224
2406
2313
2743
2692
2382
2250
2740
3054
2424
2244
2824
2552
2947
2850
3046
2707
2233
2335
3025
2543
2756
2793
2463
2253
2303
2869
3033
2215
2779
2754
2485
2638
3044
2489
2201
2553
2955
2441
2939
2162
2745
2803
2495
2971
2142
2969
2308
2808
2931
2277
2809
2334
2218
2283
2747
2834
2446
2173
2371
2659
2705
2761
2247
2253
2664
2179
2771
2471
2194
2490
2442
2609
2635
2775
2183
2454
2243
2412
2804
2298
2322
2302
2621
2978
3042
2274
2421
2365
2843
2382
2745
2289
2311
2248
2357
2271
2401
2831
2197
2644
2292
2409
2214
2390
2269
2662
2674
2588
2519
2752
2623
2346
2912
2901
3076
2399
2989
2780
2319
2503
2294
2532
2558
2282
3032
2232
2259
2340
2428
2948
2477
2389
2694
2436
2275
2452
2280
2415
2595
2964
3012
3014
2342
2539
2622
2667
2474
2604
2415
2260
2439
2932
2375
2864
2797
2359
2851
2938
2564
2888
2653
2315
2620
2628
2549
2310
2316
2992
2615
2651
3012
2372
2782
3083
2348
2438
2321
2476
2520
2621
2330
2333
2622
2690
2849
2327
2990
2323
2734
2585
2385
3057
2296
2967
2568
2405
2798
2559
2426
2429
2447
3011
3024
2376
2873
2768
2413
2836
2412
2624
2438
2705
2501
2504
2434
2763
2919
2822
2502
2493
3075
2950
2592
2514
2794
2804
2550
2665
2520
2864
2990
2942
2624
2502
2386
2923
2880
2511
2441
2373
2954
2685
2341
2600
2534
2423
2896
3079
2987
2844
2370
2974
2870
2726
2359
2740
2457
2699
2368
2718
2557
2424
2731
3050
2398
2559
2884
2746
2529
3064
2553
2523
2629
2882
2376
2391
2401
2407
2411
2462
2924
2430
2464
2775
2507
2530
3046
2671
2468
2425
2666
2601
2903
2803
2620
2450
2535
2950
2491
2937
2462
2647
2942
2944
2661
2602
2644
2675
2486
2702
2960
2578
2599
2888
2573
2489
2475
2762
2855
2894
2525
2445
2766
2508
2511
2490
2862
2748
2775
2963
2544
2535
2561
2663
2916
2826
2702
2810
2593
2975
3003
2568
2805
2873
2732
2538
2559
3037
2621
2661
2617
2841
2541
2467
2854
2473
2712
2510
2513
2470
2515
2569
3030
2503
2566
2585
2708
2556
2580
2801
2926
2497
2577
2581
2676
2746
2595
2618
3016
3077
2840
2900
2631
2632
2573
2591
2931
2977
2600
2632
2940
2970
3029
2940
2674
2760
2976
2865
2634
2871
2925
2892
2531
2603
2781
2982
2683
3071
2791
3079
2630
3053
2610
2831
2645
2729
2962
3021
2589
2826
2899
3029
2630
2570
2642
2640
2598
3013
2633
2649
2605
2749
2825
2624
2996
2637
2713
2875
2711
2570
2650
3062
3015
2678
2596
2631
2905
2912
2999
2623
2727
2785
2685
2847
2794
2976
2981
2714
2723
2878
3067
2738
2751
2988
3026
3061
2776
2877
3036
2816
2645
2658
3004
2653
2819
2686
2838
2638
2857
2652
2774
2723
2670
3038
2610
2658
2883
2673
2668
2730
2902
3006
3032
3052
2911
3000
3030
2861
2629
2821
2795
2728
2697
2725
2679
2700
2788
2944
3016
3050
2772
2895
2739
2834
2921
3065
2752
2722
2728
2941
2683
2777
2688
2973
3081
2995
2796
2903
2724
2760
2783
2902
2699
2979
2750
2844
2923
2773
2911
2726
2767
2741
2758
2870
2896
2763
2968
2716
2898
2692
2707
2712
2701
2826
2842
2727
2852
2933
2835
2708
2781
2986
2816
3016
2800
2781
2833
2913
2789
2787
2736
2769
2922
2793
2997
2996
2739
2747
2774
3013
2765
3084
2767
2805
2838
2937
2802
2910
2809
2928
2770
2949
2918
2851
2904
2799
2856
2955
2910
2989
2783
3000
2821
2846
2848
2880
3006
2853
2858
2801
2913
2867
2856
2791
3083
2862
2854
2875
2811
2842
3001
2817
2960
2819
2827
2859
2866
3064
2934
2860
2887
2841
2892
2830
2872
2889
3039
2885
3036
2854
2904
3082
2845
2877
2932
2891
2873
3023
3002
2914
2982
2879
3055
2925
2998
2953
2963
2946
2901
2883
2908
2868
2869
2879
3040
2886
2915
2983
2957
3034
2907
2885
3078
2920
2997
2935
2930
3051
2928
2916
2948
2974
2909
2984
3022
2993
3048
3050
2926
2943
2994
2959
3073
2950
3027
2958
2968
2952
2961
2970
3062
2945
2965
3047
3008
2966
3048
2963
3051
2952
2973
2956
2981
3007
3009
2965
2991
3014
2967
3060
2973
3010
2980
3081
2998
3046
3056
3019
3002
2994
3020
3028
3038
3017
3015
3024
3004
3060
3012
3070
3010
3031
3003
3056
3034
3045
3005
3039
3080
3056
3062
3040
3049
3023
3058
3041
3072
3033
3035
3025
3058
3057
3063
3061
3054
3055
3068
3070
3071
3077
3067
3074
3072
3074
3073
3075
3080
3083
3084
)


// ************************************************************************* //
