/*--------------------------------*- C++ -*----------------------------------*\
| =========                 |                                                 |
| \\      /  F ield         | OpenFOAM: The Open Source CFD Toolbox           |
|  \\    /   O peration     | Version:  v1706                                 |
|   \\  /    A nd           | Web:      www.OpenFOAM.com                      |
|    \\/     M anipulation  |                                                 |
\*---------------------------------------------------------------------------*/
FoamFile
{
    version     2.0;
    format      ascii;
    class       vectorField;
    location    "constant/polyMesh";
    object      points;
}
// * * * * * * * * * * * * * * * * * * * * * * * * * * * * * * * * * * * * * //


3248
(
(1 1 0)
(1 -1 0)
(5 1 0)
(5 -1 0)
(0 0 0)
(5 10 0)
(5 -10 0)
(-10 10 0)
(-10 -10 0)
(-10 10 1)
(-10 -10 1)
(5 -10 1)
(5 -1 1)
(1 -1 1)
(0 0 1)
(1 1 1)
(5 1 1)
(5 10 1)
(1.2 1 0)
(1.4 1 0)
(1.6 1 0)
(1.8 1 0)
(2 1 0)
(2.2 1 0)
(2.4 1 0)
(2.6 1 0)
(2.8 1 0)
(3 1 0)
(3.2 1 0)
(3.4 1 0)
(3.6 1 0)
(3.8 1 0)
(4 1 0)
(4.2 1 0)
(4.4 1 0)
(4.6 1 0)
(4.8 1 0)
(4.8 -1 0)
(4.6 -1 0)
(4.4 -1 0)
(4.2 -1 0)
(4 -1 0)
(3.8 -1 0)
(3.6 -1 0)
(3.4 -1 0)
(3.2 -1 0)
(3 -1 0)
(2.8 -1 0)
(2.6 -1 0)
(2.4 -1 0)
(2.2 -1 0)
(2 -1 0)
(1.8 -1 0)
(1.6 -1 0)
(1.4 -1 0)
(1.2 -1 0)
(0.804909678 0.9807852804 0)
(0.6173165676 0.9238795325 0)
(0.444429767 0.8314696123 0)
(0.2928932188 0.7071067812 0)
(0.1685303877 0.555570233 0)
(0.07612046749 0.3826834324 0)
(0.0192147196 0.195090322 0)
(0.0192147196 -0.195090322 0)
(0.07612046749 -0.3826834324 0)
(0.1685303877 -0.555570233 0)
(0.2928932188 -0.7071067812 0)
(0.444429767 -0.8314696123 0)
(0.6173165676 -0.9238795325 0)
(0.804909678 -0.9807852804 0)
(-10 9.2 0)
(-10 8.4 0)
(-10 7.6 0)
(-10 6.8 0)
(-10 6 0)
(-10 5.2 0)
(-10 4.4 0)
(-10 3.6 0)
(-10 2.8 0)
(-10 2 0)
(-10 1.2 0)
(-10 0.4 0)
(-10 -0.4 0)
(-10 -1.2 0)
(-10 -2 0)
(-10 -2.8 0)
(-10 -3.6 0)
(-10 -4.4 0)
(-10 -5.2 0)
(-10 -6 0)
(-10 -6.8 0)
(-10 -7.6 0)
(-10 -8.4 0)
(-10 -9.2 0)
(-9.210526316 -10 0)
(-8.421052632 -10 0)
(-7.631578947 -10 0)
(-6.842105263 -10 0)
(-6.052631579 -10 0)
(-5.263157895 -10 0)
(-4.473684211 -10 0)
(-3.684210526 -10 0)
(-2.894736842 -10 0)
(-2.105263158 -10 0)
(-1.315789474 -10 0)
(-0.5263157895 -10 0)
(0.2631578947 -10 0)
(1.052631579 -10 0)
(1.842105263 -10 0)
(2.631578947 -10 0)
(3.421052632 -10 0)
(4.210526316 -10 0)
(4.210526316 10 0)
(3.421052632 10 0)
(2.631578947 10 0)
(1.842105263 10 0)
(1.052631579 10 0)
(0.2631578947 10 0)
(-0.5263157895 10 0)
(-1.315789474 10 0)
(-2.105263158 10 0)
(-2.894736842 10 0)
(-3.684210526 10 0)
(-4.473684211 10 0)
(-5.263157895 10 0)
(-6.052631579 10 0)
(-6.842105263 10 0)
(-7.631578947 10 0)
(-8.421052632 10 0)
(-9.210526316 10 0)
(5 9.233413128 0)
(5 8.515797198 0)
(5 7.844024316 0)
(5 7.215165841 0)
(5 6.626480243 0)
(5 6.075401184 0)
(5 5.55952632 0)
(5 5.076606761 0)
(5 4.624537168 0)
(5 4.201346709 0)
(5 3.805190764 0)
(5 3.434342032 0)
(5 3.087183973 0)
(5 2.762203157 0)
(5 2.457982877 0)
(5 2.173196872 0)
(5 1.906603644 0)
(5 1.657040968 0)
(5 1.42342097 0)
(5 1.204725114 0)
(5 -1.204725114 0)
(5 -1.42342097 0)
(5 -1.657040968 0)
(5 -1.906603644 0)
(5 -2.173196872 0)
(5 -2.457982877 0)
(5 -2.762203157 0)
(5 -3.087183973 0)
(5 -3.434342032 0)
(5 -3.805190764 0)
(5 -4.201346709 0)
(5 -4.624537168 0)
(5 -5.076606761 0)
(5 -5.55952632 0)
(5 -6.075401184 0)
(5 -6.626480243 0)
(5 -7.215165841 0)
(5 -7.844024316 0)
(5 -8.515797198 0)
(5 -9.233413128 0)
(-10 9.2 1)
(-10 8.4 1)
(-10 7.6 1)
(-10 6.8 1)
(-10 6 1)
(-10 5.2 1)
(-10 4.4 1)
(-10 3.6 1)
(-10 2.8 1)
(-10 2 1)
(-10 1.2 1)
(-10 0.4 1)
(-10 -0.4 1)
(-10 -1.2 1)
(-10 -2 1)
(-10 -2.8 1)
(-10 -3.6 1)
(-10 -4.4 1)
(-10 -5.2 1)
(-10 -6 1)
(-10 -6.8 1)
(-10 -7.6 1)
(-10 -8.4 1)
(-10 -9.2 1)
(-9.210526316 -10 1)
(-8.421052632 -10 1)
(-7.631578947 -10 1)
(-6.842105263 -10 1)
(-6.052631579 -10 1)
(-5.263157895 -10 1)
(-4.473684211 -10 1)
(-3.684210526 -10 1)
(-2.894736842 -10 1)
(-2.105263158 -10 1)
(-1.315789474 -10 1)
(-0.5263157895 -10 1)
(0.2631578947 -10 1)
(1.052631579 -10 1)
(1.842105263 -10 1)
(2.631578947 -10 1)
(3.421052632 -10 1)
(4.210526316 -10 1)
(5 -1.204725114 1)
(5 -1.42342097 1)
(5 -1.657040968 1)
(5 -1.906603644 1)
(5 -2.173196872 1)
(5 -2.457982877 1)
(5 -2.762203157 1)
(5 -3.087183973 1)
(5 -3.434342032 1)
(5 -3.805190764 1)
(5 -4.201346709 1)
(5 -4.624537168 1)
(5 -5.076606761 1)
(5 -5.55952632 1)
(5 -6.075401184 1)
(5 -6.626480243 1)
(5 -7.215165841 1)
(5 -7.844024316 1)
(5 -8.515797198 1)
(5 -9.233413128 1)
(4.8 -1 1)
(4.6 -1 1)
(4.4 -1 1)
(4.2 -1 1)
(4 -1 1)
(3.8 -1 1)
(3.6 -1 1)
(3.4 -1 1)
(3.2 -1 1)
(3 -1 1)
(2.8 -1 1)
(2.6 -1 1)
(2.4 -1 1)
(2.2 -1 1)
(2 -1 1)
(1.8 -1 1)
(1.6 -1 1)
(1.4 -1 1)
(1.2 -1 1)
(0.0192147196 -0.195090322 1)
(0.07612046749 -0.3826834324 1)
(0.1685303877 -0.555570233 1)
(0.2928932188 -0.7071067812 1)
(0.444429767 -0.8314696123 1)
(0.6173165676 -0.9238795325 1)
(0.804909678 -0.9807852804 1)
(0.804909678 0.9807852804 1)
(0.6173165676 0.9238795325 1)
(0.444429767 0.8314696123 1)
(0.2928932188 0.7071067812 1)
(0.1685303877 0.555570233 1)
(0.07612046749 0.3826834324 1)
(0.0192147196 0.195090322 1)
(1.2 1 1)
(1.4 1 1)
(1.6 1 1)
(1.8 1 1)
(2 1 1)
(2.2 1 1)
(2.4 1 1)
(2.6 1 1)
(2.8 1 1)
(3 1 1)
(3.2 1 1)
(3.4 1 1)
(3.6 1 1)
(3.8 1 1)
(4 1 1)
(4.2 1 1)
(4.4 1 1)
(4.6 1 1)
(4.8 1 1)
(5 9.233413128 1)
(5 8.515797198 1)
(5 7.844024316 1)
(5 7.215165841 1)
(5 6.626480243 1)
(5 6.075401184 1)
(5 5.55952632 1)
(5 5.076606761 1)
(5 4.624537168 1)
(5 4.201346709 1)
(5 3.805190764 1)
(5 3.434342032 1)
(5 3.087183973 1)
(5 2.762203157 1)
(5 2.457982877 1)
(5 2.173196872 1)
(5 1.906603644 1)
(5 1.657040968 1)
(5 1.42342097 1)
(5 1.204725114 1)
(4.210526316 10 1)
(3.421052632 10 1)
(2.631578947 10 1)
(1.842105263 10 1)
(1.052631579 10 1)
(0.2631578947 10 1)
(-0.5263157895 10 1)
(-1.315789474 10 1)
(-2.105263158 10 1)
(-2.894736842 10 1)
(-3.684210526 10 1)
(-4.473684211 10 1)
(-5.263157895 10 1)
(-6.052631579 10 1)
(-6.842105263 10 1)
(-7.631578947 10 1)
(-8.421052632 10 1)
(-9.210526316 10 1)
(-4.20296205 4.269960604 0)
(-4.852074215 -0.5339884138 0)
(-2.408016176 -4.13601737 0)
(1.1 4.902598969 0)
(1.3 -4.699406081 0)
(-1.402581323 2.978219229 0)
(2.9 3.097643775 0)
(2.884225995 -2.997449333 0)
(-2.36263453 -1.04676629 0)
(-1.821729323 0.8559622321 0)
(-0.8706350492 -2.279375403 0)
(1.1 2.818733356 0)
(1.086006434 -2.812493071 0)
(-1.737016138 6.141490022 0)
(-6.188985669 -4.047624204 0)
(-0.1777459732 2.141144493 0)
(-6.712210639 2.140859436 0)
(-4.108767934 1.790673584 0)
(-0.9536891092 -6.998064389 0)
(-0.9644196963 -1.075212277 0)
(-4.162418384 -6.788360303 0)
(2.1 2.181534117 0)
(3.933583208 2.139579319 0)
(3.9 -2.098021552 0)
(2.1 -2.181534117 0)
(-3.940695892 -2.576726578 0)
(-6.59500629 6.581305426 0)
(3.0191557 5.030929287 0)
(2.43448074 -6.888564539 0)
(1.939935017 7.330546904 0)
(-0.2051311815 -3.890971118 0)
(0.3966443444 -1.98899704 0)
(-0.16028679 3.604447935 0)
(3.10543051 -4.80633195 0)
(-0.5368811018 1.259062054 0)
(-7.38718606 -1.729819646 0)
(-7.242407105 -6.951164781 0)
(-4.144247288 6.752939676 0)
(-0.9945906421 0.2484936049 0)
(-3.403672256 0.1998312422 0)
(0.8068483593 1.966607837 0)
(2.921266705 1.807021418 0)
(-2.281833365 -2.429241873 0)
(1.27947657 -1.849098085 0)
(2.945077595 -1.819773541 0)
(-6.434714399 4.369920123 0)
(-2.633889883 2.086447396 0)
(-0.1695691861 -1.383566084 0)
(1.841103391 3.85564799 0)
(0.1276897506 6.591163271 0)
(-2.318864401 4.573705232 0)
(-4.241616826 -4.487094089 0)
(3.764066265 4.003268736 0)
(-6.647829586 0.1885597294 0)
(3.950278456 -3.148319081 0)
(-0.4552504236 5.127615506 0)
(-1.416764882 1.926596719 0)
(1.494970403 1.708267156 0)
(-5.579361897 -2.117771202 0)
(0.7530544797 -6.474974802 0)
(0.1819603652 1.521744911 0)
(-1.243061576 -5.239976305 0)
(3.373096453 6.646359229 0)
(-1.110056364 8.004560183 0)
(-5.277101085 2.992699422 0)
(4.02568623 3.064461718 0)
(-0.5924530204 -0.4830653425 0)
(1.887227532 -3.685986558 0)
(-3.640865016 -0.9737267547 0)
(-1.694769008 -1.722576131 0)
(-2.789417245 -5.762020912 0)
(-1.917969358 -0.1666752155 0)
(-2.589706966 -7.950783288 0)
(-5.331121801 0.8699107075 0)
(-0.05972677762 -2.907827926 0)
(4.323390071 1.568149305 0)
(3.5 1.617315446 0)
(-8.041875602 -3.519580503 0)
(3.5 -1.617315446 0)
(4.326080354 -1.605141134 0)
(0.8546489639 3.787344345 0)
(-1.369721956 -3.397959535 0)
(-3.174046657 3.365293784 0)
(1.999922701 5.985182685 0)
(-1.162982279 4.183296608 0)
(1.117655217 -8.141379383 0)
(-8.105189976 3.43580143 0)
(2.307336278 1.600252875 0)
(-5.260245649 5.530960567 0)
(-8.141226796 5.444879429 0)
(-5.459194358 8.046285376 0)
(2.3 -1.603462418 0)
(-5.526359606 -5.523706533 0)
(-8.039569576 8.033133468 0)
(0.547049499 8.386425721 0)
(-8.202076518 1.132183264 0)
(1.927141155 3.013538548 0)
(2.733857216 4.016037722 0)
(-5.577691656 -8.068177905 0)
(-3.036540909 8.208748342 0)
(3.633151694 -6.159488109 0)
(0.09028202638 -5.161039859 0)
(3.301290884 8.250963763 0)
(3.279719481 2.477506688 0)
(-0.4987411561 0.4546381593 0)
(3.997647907 -4.161418078 0)
(-7.634890412 -5.207381988 0)
(0.8898852553 -1.523603946 0)
(-3.502755795 5.603975038 0)
(2.175253035 -5.684188286 0)
(3.44555848 -8.151772327 0)
(0.2345209738 2.835570132 0)
(-0.6437170987 2.877029681 0)
(-1.294528738 -0.3691388693 0)
(3.281891647 -2.487169589 0)
(-3.049013093 -1.809880883 0)
(-2.725256076 1.105932757 0)
(0.7512941443 -3.819469309 0)
(-5.02512137 -3.346794113 0)
(1.68857233 -1.513571325 0)
(-0.9956992049 0.89124822 0)
(-8.036144601 -0.3655378344 0)
(2.764797592 -4.030770501 0)
(2.053421794 4.843027593 0)
(-4.497386653 -1.54980871 0)
(-0.4012728406 -8.335974019 0)
(4.043234372 4.957441574 0)
(-8.249286277 -8.251407857 0)
(-6.092491059 -0.8663901731 0)
(2.665303161 2.427400671 0)
(1.473982023 2.354953155 0)
(4.348156126 -2.583737123 0)
(1.864687989 -2.915526557 0)
(-3.157389898 -3.343185467 0)
(1.134962976 1.454706205 0)
(-0.3280377861 -1.96319156 0)
(-1.598179153 -0.9589842759 0)
(-0.2407571704 -0.8918002055 0)
(-2.842518247 -0.2668353474 0)
(4.405530659 2.542014354 0)
(0.158017615 4.452392611 0)
(2.637977414 -2.375897858 0)
(-0.1371760526 0.9191748018 0)
(-6.763564418 -2.912986443 0)
(0.3795938952 -1.346503929 0)
(-4.206254507 2.8097536 0)
(-0.7404591848 1.832982853 0)
(-4.090433138 -8.202941185 0)
(-0.7126146999 -1.610317409 0)
(-4.424271875 0.366199263 0)
(3.893357117 1.395400834 0)
(-2.912786878 6.531585354 0)
(3.122617184 1.393636466 0)
(3.122617184 -1.393636466 0)
(3.893357117 -1.395400834 0)
(1.914799199 1.407198131 0)
(0.6656131246 1.407570497 0)
(-2.265043271 3.613609055 0)
(-0.4349655457 -0.003974654223 0)
(-1.615034016 -2.492753303 0)
(4.040907099 -5.039125541 0)
(-8.683596614 -6.416755466 0)
(-1.681686578 5.138076886 0)
(0.9730010887 5.974978531 0)
(3.426832517 -3.652104796 0)
(1.542723583 -2.407591606 0)
(-2.073935128 1.580923948 0)
(-5.038903824 1.892219036 0)
(-2.433517146 0.3704930355 0)
(-1.091121572 -4.37029982 0)
(-2.194921246 -6.826296748 0)
(-8.614103977 -2.23554607 0)
(1.313328284 -1.386060507 0)
(-5.303127807 4.079063415 0)
(-1.956110937 2.436712843 0)
(4.046602837 5.816955702 0)
(4.470520536 -2.138604608 0)
(4.567246693 2.067540384 0)
(2.708715759 1.343231547 0)
(0.8705382877 -2.241295016 0)
(2.704771089 -1.382800992 0)
(1.387734572 3.397080304 0)
(1.630852356 8.760403138 0)
(0.3670137395 2.340059476 0)
(-4.002836632 -5.619913906 0)
(-5.349218413 6.781255092 0)
(-8.669974962 6.741835993 0)
(2.261882126 -4.681371139 0)
(4.291354159 3.596665388 0)
(3.489761261 3.411109712 0)
(-3.242608238 -4.8456515 0)
(-3.607799313 1.106232512 0)
(-0.7991443321 -2.974343607 0)
(2.377282445 3.475341886 0)
(-6.782939197 8.706436868 0)
(-6.338618375 3.281714461 0)
(-2.512214773 5.521817638 0)
(-6.92289073 -8.663811993 0)
(-0.9301836449 6.933019986 0)
(0.09545522819 -1.102875278 0)
(4.334507637 -3.631119762 0)
(-1.077780418 1.400629004 0)
(-4.114248515 8.662761701 0)
(-2.025160307 7.256357759 0)
(-5.665416385 -0.01850419802 0)
(0.1231393301 -7.365911838 0)
(-3.47774986 2.377687598 0)
(-0.9166283253 3.501683127 0)
(3.982584398 -7.17869758 0)
(-0.9652670724 2.358064399 0)
(0.3969220166 -2.546113076 0)
(4.643247919 1.352587356 0)
(2.401957824 -8.829470438 0)
(0.3581022549 5.262045344 0)
(4.642938829 -1.355896045 0)
(-0.176551707 -6.190866363 0)
(-0.2365203843 1.663799924 0)
(3.814785896 -2.639922957 0)
(3.795261219 2.581509469 0)
(-2.359191175 -1.701155731 0)
(-8.785991213 2.254573121 0)
(4.002798231 7.485360047 0)
(-3.278296227 4.197858482 0)
(0.5064670899 -3.185737645 0)
(-5.3082405 -6.947443279 0)
(-6.253261917 1.115184957 0)
(-2.182570151 -5.064925602 0)
(-4.057200028 -3.362939572 0)
(3.300934098 2.003613854 0)
(-2.529963128 2.885465402 0)
(-6.937513472 5.397152858 0)
(2.798399192 5.799400665 0)
(-8.761131431 -4.602112177 0)
(-1.58551511 0.325256879 0)
(1.270246614 -5.633953438 0)
(-2.166461247 -3.332453376 0)
(-1.471151527 -8.811728449 0)
(-3.92066946 -0.2871899435 0)
(4.355559496 4.279666976 0)
(2.518441125 2.052433344 0)
(1.5 1.349691665 0)
(0.3558392008 1.198186673 0)
(1.059987041 6.899322632 0)
(3.300934098 -2.003613854 0)
(-0.806828297 6.000299415 0)
(0.6748176215 3.253577488 0)
(1.484019737 -7.183879737 0)
(1.020409381 2.349616449 0)
(-3.157237363 -2.548684167 0)
(1.379954198 4.204091705 0)
(1.726983521 -1.952859696 0)
(3.416958407 -2.987862778 0)
(-6.61285266 -5.868995175 0)
(1.235368363 -3.424534799 0)
(1.88923557 1.833095436 0)
(2.4353247 2.844305118 0)
(2.488566237 -1.988216341 0)
(-4.802839723 -2.486252806 0)
(0.3077756903 -4.441280012 0)
(2.335408849 -3.354952328 0)
(2.501143293 6.685202073 0)
(-3.232683651 1.690506104 0)
(-1.234359411 -1.46871329 0)
(-0.4732684555 4.26162173 0)
(-1.861482855 -5.893619263 0)
(-2.038436117 8.833680366 0)
(-0.5440457569 -1.198090936 0)
(-8.788384747 4.450305861 0)
(-5.306148725 -4.681117355 0)
(-2.978362192 -0.8374505652 0)
(-4.362853923 5.240124943 0)
(4.643168416 -1.757556955 0)
(-7.568809369 4.438967721 0)
(0.3524698867 1.892667253 0)
(-5.304234165 -1.298278132 0)
(-3.790442049 -1.714197041 0)
(-7.073277023 -0.7458586733 0)
(-0.2655207322 -0.3838915171 0)
(2.082755464 -1.322546646 0)
(3.010857063 -5.63452002 0)
(-0.4431720872 8.87788669 0)
(4.478916516 -3.106725491 0)
(-1.556360343 -7.679440942 0)
(4.540985138 3.031253163 0)
(3.306569453 4.45575728 0)
(-3.178191618 -7.198503487 0)
(-4.596987031 1.165162736 0)
(-0.9018772438 -0.2343863584 0)
(-4.675161539 3.596078599 0)
(3.432291788 2.935336328 0)
(-1.600422394 1.362427963 0)
(1.208217515 1.992319726 0)
(2.915257998 7.481651081 0)
(-7.252979435 -4.260474456 0)
(-0.5475443036 0.8335930723 0)
(-0.1774038629 0.6557316468 0)
(-0.1555297694 7.480778863 0)
(-0.4339859755 -2.508186231 0)
(-8.867442005 8.87188702 0)
(-1.590127084 3.698337393 0)
(4.283036197 -5.783096325 0)
(-0.4865877256 -4.765089193 0)
(1.875457025 2.56834287 0)
(-7.707355999 2.467064145 0)
(1.690831148 5.389826816 0)
(1.754127228 -6.364020551 0)
(2.220821459 -2.672400791 0)
(4.295989722 1.318410463 0)
(0.1277092525 -1.689328784 0)
(-8.894310085 -1.165390694 0)
(-0.141046898 2.616478553 0)
(3.499494552 1.356295931 0)
(-7.217037896 0.9489547425 0)
(0.6814433418 2.669143727 0)
(4.294748802 -1.296746827 0)
(1.373164619 -4.064956716 0)
(-3.185661074 -8.961637375 0)
(3.499494552 -1.356295931 0)
(-8.919547984 0.3204304935 0)
(-2.000842159 -0.6456466631 0)
(-7.091636174 7.6132436 0)
(2.26208631 -7.84316298 0)
(-0.1032993811 1.300723722 0)
(-0.5930532184 2.364396676 0)
(4.18347954 6.832901665 0)
(-5.919520142 2.409715374 0)
(-5.845815882 -3.010039354 0)
(2.301442325 1.332235268 0)
(-7.67626268 -2.650858403 0)
(-4.491021987 7.74817346 0)
(-6.428720429 -1.767670446 0)
(-3.872753983 3.596205821 0)
(3.388944721 -4.248626601 0)
(0.4513990212 -9.010989045 0)
(-7.555610235 6.270475073 0)
(-4.907449947 -8.974211404 0)
(-1.887594834 4.322673231 0)
(-3.429599406 -0.3935129249 0)
(2.437457175 5.419027659 0)
(-1.265381924 -1.986685304 0)
(4.662478931 1.723323762 0)
(2.266449395 4.273103206 0)
(3.968868048 1.766067693 0)
(-0.7904077879 -3.609874729 0)
(4.070397601 8.877472955 0)
(2.953377775 2.218066504 0)
(-3.401538087 7.330014807 0)
(-2.029772882 -2.138508599 0)
(3.617408733 5.504513946 0)
(-4.305455294 -1.08674746 0)
(2.405439406 -1.306078845 0)
(3.000214834 3.591577106 0)
(-3.555462738 -4.035379901 0)
(-0.6024843626 -0.9419275955 0)
(-0.9511757008 -0.6464300811 0)
(4.020837542 -1.813301714 0)
(0.6220342445 -1.251219673 0)
(-1.038163362 -6.0732445 0)
(-9.032620437 -3.191581073 0)
(4.127780125 -8.891586602 0)
(-1.70039407 -3.948093073 0)
(0.04641251861 -3.51562099 0)
(0.7590115487 4.372642834 0)
(-6.108134478 -5.058779993 0)
(1.529938297 2.864484028 0)
(-8.99686215 -7.529353409 0)
(-2.025970029 -1.34872287 0)
(0.7946353083 -1.933763817 0)
(4.288996446 -6.579004329 0)
(2.372936472 8.135415382 0)
(-6.046771274 7.581284184 0)
(-0.1421368491 5.760921451 0)
(-0.1547389408 3.102014893 0)
(-2.069710503 3.005049504 0)
(2.990311128 -2.207502739 0)
(4.401495181 -4.336392883 0)
(0.09440538379 -2.319113738 0)
(0.1561050539 0.977400597 0)
(-4.698449952 -7.575420345 0)
(-4.593542149 2.393120102 0)
(3.894741661 -3.723739566 0)
(1.91022232 -1.750035388 0)
(-1.303761886 -0.8485472276 0)
(0.3140728769 3.895552481 0)
(-6.229010905 6.005475697 0)
(-4.578747623 6.029996977 0)
(2.692149569 9.073062641 0)
(-3.064232213 4.924217287 0)
(0.8357697501 1.261155624 0)
(1.607426376 -9.252005904 0)
(-3.477679972 -6.286758428 0)
(-0.3067713511 0.2492239409 0)
(-6.066708996 -7.516314909 0)
(0.02692423356 -0.7985826434 0)
(-8.978429403 7.668925752 0)
(3.200348935 -9.079774176 0)
(-5.868603074 4.746848975 0)
(0.5335094658 -1.667620059 0)
(-1.33756325 -0.008416598817 0)
(3.85873863 3.504769281 0)
(-8.875263016 5.792796753 0)
(2.140293934 -4.126125577 0)
(3.522396086 2.279630301 0)
(2.747511629 4.660599703 0)
(-1.000755109 4.813832732 0)
(2.575280135 1.677397948 0)
(-7.688165901 8.994335868 0)
(2.290116103 2.535767417 0)
(1.124805243 7.738684905 0)
(-8.98345503 -9.006436197 0)
(-9.216223935 3.069900293 0)
(1.005697842 -1.304351416 0)
(-5.962321809 9.041807472 0)
(-9.061225944 -5.563346998 0)
(-7.221344322 3.579571529 0)
(0.7776306287 -5.146388197 0)
(-4.638814392 -6.198549221 0)
(3.222121818 1.752813559 0)
(0.8098651908 8.931548724 0)
(3.326649956 -6.804247324 0)
(-3.356513521 9.150934929 0)
(-2.262533064 1.030008887 0)
(2.957796204 2.730263956 0)
(-1.158210979 -2.681285581 0)
(-6.057786094 -9.016442681 0)
(0.4472931855 -5.779381678 0)
(0.3322269389 3.315793414 0)
(-3.817255702 4.685367848 0)
(-5.016949421 0.06717201572 0)
(0.07414933666 1.766773832 0)
(-4.608053017 -5.281177088 0)
(2.581378607 -1.683862352 0)
(3.569105618 -2.284673323 0)
(3.224551501 -1.754114796 0)
(4.388751444 5.440443573 0)
(2.59975674 -6.038116734 0)
(-0.5357976778 -5.503083702 0)
(3.617580626 1.927924612 0)
(3.653075674 -5.37112972 0)
(1.651025372 1.973120262 0)
(1.604345976 6.787114366 0)
(-2.903177432 0.6289586672 0)
(-7.861957097 -7.340672096 0)
(-2.690371882 -1.272868273 0)
(4.190270972 2.175241189 0)
(1.708058258 -5.233731246 0)
(-0.9952738037 2.895166021 0)
(2.845596584 -7.710121746 0)
(-2.986217213 3.812937272 0)
(-0.8530259929 0.5176791164 0)
(-1.298526153 0.5004125237 0)
(2.639636359 -3.628656834 0)
(-1.543042068 2.552068571 0)
(-7.623859236 -6.175699083 0)
(-9.090844687 1.436338528 0)
(1.7 -1.248393942 0)
(4.211462559 -7.941497548 0)
(2.735273381 -5.098206093 0)
(4.647108845 -2.418898872 0)
(-3.957933129 0.5402969788 0)
(3.620789304 -1.878593185 0)
(2.580300467 -2.86994921 0)
(0.8428557343 1.624549425 0)
(3.77995554 -4.718076261 0)
(-2.614401502 1.5845771 0)
(-3.341749698 -1.232554819 0)
(4.200806481 -2.305224699 0)
(-7.621209012 0.1155915317 0)
(4.6426661 2.373494193 0)
(-4.830741435 4.584921911 0)
(-0.2054439157 -0.1593939412 0)
(-1.749136422 -4.583928214 0)
(-7.765916786 -8.99857537 0)
(-0.3575876887 -1.627686165 0)
(-1.43562739 0.9118432776 0)
(-8.044345045 -1.223942684 0)
(-3.577311057 6.249550243 0)
(3.271533231 4.046147256 0)
(-5.66110093 1.449391028 0)
(-0.3785989996 -3.274582768 0)
(-7.4283922 1.760774608 0)
(2.992460389 -2.704210446 0)
(-1.82372162 -3.05203994 0)
(2.879199022 1.197942043 0)
(-1.891002406 2.003584333 0)
(0.453573712 -1.077040312 0)
(-1.989122699 0.3287833971 0)
(4.491773053 4.711887134 0)
(-0.7763079425 0.1611201956 0)
(2.876957083 -1.203412587 0)
(-0.5813882474 -7.615888501 0)
(-2.417045048 -0.01072209002 0)
(1.828596417 3.43195865 0)
(1.208393887 -2.228746262 0)
(1.305184381 1.295297516 0)
(-2.137396505 8.092241192 0)
(-2.662832176 -2.128944064 0)
(2.176145539 1.886876197 0)
(3.758108239 4.55778045 0)
(-7.783186367 7.141684152 0)
(0.3676147588 -8.197809512 0)
(-5.741722789 3.540278547 0)
(-5.904061713 0.5763889743 0)
(-0.05637155445 -0.5661579744 0)
(1.895056532 -2.456932959 0)
(-1.673024671 -0.6178139098 0)
(4.260927765 -1.915637378 0)
(0.9007574785 -4.331922136 0)
(-4.917345977 -4.006251054 0)
(-4.045207588 -9.217507023 0)
(2.737160445 -4.621502008 0)
(-0.9858157387 5.516233299 0)
(-2.683287421 -3.143654122 0)
(-3.497860028 2.999285561 0)
(4.247161304 1.910816331 0)
(-2.469786756 -0.5714300421 0)
(-0.6973171704 -2.087273463 0)
(1.587766916 4.672963524 0)
(-0.8331432785 -9.220731993 0)
(1.491324621 -2.796180997 0)
(-5.489874883 -0.6869112156 0)
(-7.064121885 2.73376343 0)
(4.644085775 -2.767166462 0)
(0.6834714765 1.137761976 0)
(-6.167729132 -6.497478569 0)
(1.706681725 1.232415855 0)
(-0.549823394 3.286491637 0)
(-4.932402571 9.177341503 0)
(-7.216330762 -7.823944828 0)
(1.111130326 -1.645651811 0)
(3.381367503 6.010521812 0)
(0.7010476134 2.222443112 0)
(4.103158487 1.208400222 0)
(3.693865201 1.212076646 0)
(3.305137073 1.21647612 0)
(-5.553813457 -3.828041088 0)
(1.698989639 -4.39907978 0)
(1.423795507 3.825372065 0)
(2.879433698 1.624172709 0)
(4.102981213 -1.205305417 0)
(0.7637453459 -2.608646653 0)
(-4.448400244 -2.974379005 0)
(0.2745604828 -3.92911855 0)
(2.330006699 -3.732604153 0)
(3.693865201 -1.212076646 0)
(2.10812351 1.208589024 0)
(4.334216534 8.172285203 0)
(3.305137073 -1.21647612 0)
(-2.660292509 -3.63767432 0)
(-3.40297363 -2.118089027 0)
(-0.6163959427 1.535527275 0)
(3.504437478 4.889634002 0)
(-1.247194949 9.136939213 0)
(-2.377936084 -9.186598292 0)
(-2.978960819 2.494258915 0)
(-3.884301321 -7.523266643 0)
(-4.487742981 -0.1752734455 0)
(1.220853632 1.713459497 0)
(2.23002586 -1.890116104 0)
(4.647579148 2.707881933 0)
(-2.756816036 0.09329289294 0)
(0.7710965714 -7.04661833 0)
(4.624828234 -4.000526279 0)
(0.5642788494 1.683031109 0)
(-1.493944878 -6.554504854 0)
(-2.928303105 -6.368806819 0)
(-2.830090213 7.218460591 0)
(1.808058658 4.318326 0)
(-0.425485772 1.950342579 0)
(-2.342626565 6.14429261 0)
(2.866780946 -1.658241258 0)
(0.5425844938 7.370204875 0)
(-6.7570505 -3.66849066 0)
(0.07329930247 0.7864766339 0)
(-0.7201470304 1.0444984 0)
(-2.699314482 -4.608411241 0)
(-0.3576492679 -0.6254923643 0)
(-6.913795098 -4.929551841 0)
(-4.033550666 2.304804456 0)
(-6.262523617 -2.453388874 0)
(-3.896849099 8.039160733 0)
(-2.986190915 5.916610832 0)
(1.023814424 3.212041416 0)
(-5.096259187 -1.886457845 0)
(4.103881127 2.711285822 0)
(2.500229478 1.204619933 0)
(1.682009741 -3.363793246 0)
(0.1034199731 -6.676333876 0)
(-0.4713378452 3.715699229 0)
(0.8797612716 5.353710115 0)
(4.53860501 -5.334190223 0)
(1.484866706 -1.662345443 0)
(1.764773573 2.283912483 0)
(-2.847812593 -4.098423997 0)
(-4.206756408 -1.932163671 0)
(-3.801496615 -4.957861758 0)
(-2.153236911 5.091968869 0)
(3.766234805 1.642601403 0)
(1.455664214 -1.212607859 0)
(4.773347758 1.226091629 0)
(-6.270455438 -0.3333035127 0)
(0.1461191991 1.186067498 0)
(4.773347758 -1.226091629 0)
(4.605415924 3.357993155 0)
(-6.904019897 -2.22116951 0)
(4.602127949 3.984105802 0)
(4.745816793 -2.01347451 0)
(4.084504738 -2.830683598 0)
(3.659362252 -3.308051273 0)
(-3.574211549 -3.139744059 0)
(-1.079205142 1.73518888 0)
(1.672582467 1.531546181 0)
(0.01240349775 2.363073366 0)
(-0.2466052957 4.649918688 0)
(-1.257073122 -1.119758915 0)
(0.4956505751 5.797450311 0)
(3.790096438 -1.662251005 0)
(-0.4618790838 8.153553992 0)
(-3.34878907 -5.369848685 0)
(2.422615333 3.888219671 0)
(0.9703391431 -3.198207465 0)
(-4.56119946 1.57875029 0)
(3.987708213 2.384786857 0)
(0.1316933901 2.074495102 0)
(0.6836313912 4.83847882 0)
(-9.241332945 -3.882811989 0)
(-2.68908061 3.391377622 0)
(0.5929304757 -2.335602517 0)
(-8.113999336 -5.790062154 0)
(4.493301351 1.196993054 0)
(-8.09806894 1.880835977 0)
(4.493188098 -1.196509687 0)
(2.39093007 -2.285433263 0)
(-3.300107856 -8.087484779 0)
(-8.013321012 -4.274360758 0)
(1.246920558 2.530918492 0)
(3.215688079 -3.312149711 0)
(-7.338242754 -3.222953172 0)
(2.047239506 1.630029268 0)
(-0.8190678185 -1.321996741 0)
(-0.1228024972 -1.141957003 0)
(-1.537136106 -1.390685145 0)
(1.512787613 6.159288705 0)
(-1.137282057 -8.120046163 0)
(-0.4712377255 6.519199726 0)
(4.559980683 -4.782054304 0)
(2.780659195 2.0756328 0)
(-1.612109267 -0.287065303 0)
(4.794365461 -1.540230969 0)
(-9.149771111 -0.4050285065 0)
(-1.619284778 -2.092142509 0)
(-1.957859593 5.612686031 0)
(-8.18725768 0.3961389324 0)
(4.468054992 6.339888821 0)
(-5.847466952 -1.575759817 0)
(3.332594177 9.185643191 0)
(-0.9119668872 -1.832226613 0)
(-1.540658799 6.766944564 0)
(4.301687205 3.269271674 0)
(-3.604532357 1.945960127 0)
(-1.203038651 -3.869432137 0)
(0.5327877024 3.610221028 0)
(-9.070579145 -8.248434715 0)
(4.132762571 1.458936791 0)
(2.649584272 -8.243751246 0)
(-4.73355368 2.861156169 0)
(-2.414333113 2.472245358 0)
(0.1131212145 -1.320134406 0)
(3.299086408 1.481962068 0)
(3.713851275 3.169825851 0)
(2.517599361 1.453037124 0)
(-3.203300534 0.9587041665 0)
(-4.10267258 1.283723864 0)
(1.916274211 -1.20424024 0)
(1.758173522 7.999261704 0)
(1.048837108 -2.000003814 0)
(4.17470469 -1.464734266 0)
(-4.784981938 -1.067902268 0)
(-4.731977654 7.206682425 0)
(4.793053054 1.538364966 0)
(-5.063925406 1.33107262 0)
(2.377446029 2.293821263 0)
(-7.960238455 -1.977440151 0)
(-0.6737736526 -4.036824741 0)
(2.236597129 3.091476123 0)
(1.264480728 -2.550859757 0)
(3.299375656 -1.482116977 0)
(-0.4702543217 -0.2590305314 0)
(-0.1416239058 0.4227004909 0)
(4.15640848 3.980597611 0)
(-2.238572928 4.100944192 0)
(-6.98831447 4.789949041 0)
(2.573051443 3.195719464 0)
(0.310848343 -2.923955967 0)
(-4.86683016 0.7042533767 0)
(-6.096594557 8.294096118 0)
(-6.208756337 1.894894142 0)
(2.763285587 -2.099712713 0)
(3.628160233 -3.993210838 0)
(-0.9416916162 -4.809339332 0)
(-9.199121512 5.098713335 0)
(0.6654254022 6.420802369 0)
(-5.341094028 -2.717772471 0)
(-9.373669126 -6.379524974 0)
(-1.343479059 7.388448356 0)
(2.681956223 -1.175011142 0)
(-9.245259373 -1.675889698 0)
(-2.293380509 1.846701117 0)
(1.32837677 1.506981175 0)
(-5.114483825 2.470162053 0)
(-2.149918755 0.6619619414 0)
(3.207680077 3.223408709 0)
(-0.05116697208 4.010049414 0)
(-1.839729973 3.327530249 0)
(-0.7662010646 -2.628521923 0)
(-1.995453584 -0.9854024636 0)
(-4.064998201 5.699344871 0)
(1.670815898 3.174221235 0)
(-2.475189185 9.348343861 0)
(0.4141426783 1.417052895 0)
(-6.300406205 -8.126695637 0)
(0.07696601927 -2.008368404 0)
(-1.934998899 1.22555388 0)
(-1.023033404 2.062319257 0)
(-6.391843606 5.027566955 0)
(-8.364014386 -2.838853474 0)
(4.641456892 -3.330881255 0)
(0.8522740639 -1.159082032 0)
(-5.378020689 7.421940728 0)
(2.088274296 2.754143664 0)
(2.24606274 -2.946822443 0)
(-6.651580198 -1.177731868 0)
(-3.150434826 -0.09346874323 0)
(-1.177977679 1.079836515 0)
(1.092397959 8.269818309 0)
(3.670590335 1.444738052 0)
(-9.420306824 6.345640812 0)
(-8.180227941 6.08927538 0)
(-1.343196944 3.414615299 0)
(-5.19317004 6.170017838 0)
(-1.962867082 -2.680802943 0)
(-3.952570397 -1.257381723 0)
(-5.853659907 2.974394068 0)
(1.889897464 -1.403694602 0)
(-2.5858581 -7.349223269 0)
(-1.217682578 -2.334893622 0)
(-0.4224044957 -2.863578789 0)
(-6.566213174 9.436619915 0)
(1.35279748 9.452953658 0)
(4.815796783 2.011366339 0)
(3.514325147 -2.716764195 0)
(3.412479633 7.197155945 0)
(1.478188588 -2.062972623 0)
(-0.701033295 7.487464909 0)
(3.675362662 -1.448667973 0)
(3.149966513 5.484998122 0)
(-3.039417426 2.951486318 0)
(4.567216352 -7.031712834 0)
(3.890683238 -2.338341736 0)
(-1.398426573 4.608403072 0)
(-1.742189391 -5.412719882 0)
(0.8198228373 2.931302105 0)
(1.802808437 -2.195105543 0)
(-3.084647497 2.077698566 0)
(-3.980624442 -0.7656176427 0)
(-3.44030268 3.740294383 0)
(-4.92058325 -8.255729949 0)
(-5.85432044 4.150585612 0)
(-2.755139803 -5.206157 0)
(3.869425966 6.411381321 0)
(1.220588456 -1.211708723 0)
(-0.1250614138 -2.592483017 0)
(-6.929398608 1.511910674 0)
(2.135788164 1.435660913 0)
(-0.1393706246 -9.412403892 0)
(-5.98552896 6.525571591 0)
(1.067766539 1.188880029 0)
(1.31184875 -3.088321466 0)
(3.044258226 -3.750144365 0)
(0.2249012195 -0.9184861185 0)
(0.02566880734 9.363185293 0)
(1.084364906 3.545863528 0)
(-2.509546182 0.7741279991 0)
(4.262739501 -3.279689335 0)
(-9.342555019 3.924699214 0)
(-2.282407425 -5.575762415 0)
(-1.613184283 2.224307224 0)
(-6.094730683 -3.560013558 0)
(-1.16880327 -3.092888372 0)
(-7.428826652 8.240929203 0)
(0.6243500073 -1.464343006 0)
(-8.184242272 4.115568003 0)
(-6.635008863 -9.392097725 0)
(-0.3933366696 -7.01954081 0)
(-0.2734234496 1.123362376 0)
(-1.689593196 1.681749994 0)
(-4.086158986 9.38878757 0)
(-4.708995776 4.104269111 0)
(2.670401229 2.70394451 0)
(3.120325812 -6.136072861 0)
(3.812853403 -6.623642049 0)
(3.740035816 -2.938600647 0)
(-3.798368151 0.16048611 0)
(0.4686281143 -3.581648856 0)
(1.814134237 -8.35406414 0)
(-6.423478564 2.666544857 0)
(-0.3923333661 0.654832413 0)
(0.1326350962 4.878730363 0)
(4.436483667 1.820653667 0)
(-6.673149589 3.740331908 0)
(3.524623136 2.686033096 0)
(-4.810689272 8.336631992 0)
(2.448127926 7.197567467 0)
(-1.736835531 -3.468141072 0)
(-1.135487359 -0.1935834664 0)
(2.459737223 6.185400147 0)
(4.464435395 7.213993876 0)
(2.497703975 5.019030477 0)
(-2.196399121 -0.3492936296 0)
(-1.97264955 -8.246036618 0)
(-0.04332996628 1.539112132 0)
(-8.310634024 2.844805854 0)
(2.497722042 -1.503588143 0)
(-2.410917499 6.738643627 0)
(-1.217655636 3.809086059 0)
(-0.3954384284 -1.398235845 0)
(-5.178574513 3.541905447 0)
(-4.308951382 0.8231047194 0)
(-9.259473832 -2.553286882 0)
(-1.36983361 1.565158442 0)
(0.9750181426 1.826280605 0)
(2.697628852 1.149158704 0)
(4.536439236 -1.579487143 0)
(-0.8556813545 4.444297058 0)
(1.241522381 2.244499792 0)
(0.986962465 2.101668358 0)
(-0.8233562548 -0.4518202496 0)
(2.057780677 5.240031597 0)
(-0.2179639293 -4.321427624 0)
(0.4011083478 2.600661861 0)
(4.530414388 1.573001368 0)
(-0.05632812899 -5.657510709 0)
(2.726635529 3.703267962 0)
(1.713968797 -5.865220685 0)
(-0.779545503 1.344234935 0)
(1.94109811 -6.866595513 0)
(1.265182222 -6.677531682 0)
(-8.518489379 -3.925401846 0)
(2.909299041 6.380646609 0)
(4.079715916 -4.560589952 0)
(0.6733846439 -4.685461417 0)
(1.259956492 -6.168330286 0)
(-9.377034306 0.7291305484 0)
(-4.062258158 -6.206919069 0)
(2.275230337 -1.193324405 0)
(-2.056887759 -1.718208793 0)
(-6.733729325 0.7496472148 0)
(-1.764695475 0.04310729857 0)
(-1.18009952 6.340561283 0)
(0.4565408988 1.025304215 0)
(-5.406137374 0.3939264825 0)
(1.48400222 1.16268174 0)
(-1.265542274 0.2811206805 0)
(-7.519669004 5.092837335 0)
(2.031393626 -1.966401048 0)
(-9.295749276 8.304802846 0)
(3.07125608 1.203401226 0)
(4.691660544 4.375346809 0)
(-0.4671158255 -2.250219442 0)
(-2.129470125 -4.600760126 0)
(-2.36078228 -1.390765099 0)
(-4.736723032 -6.843768059 0)
(-0.8116878739 2.623842616 0)
(0.5907593709 1.937040098 0)
(4.621369006 5.82500732 0)
(-5.396366868 -6.325590427 0)
(2.218267751 -5.172623399 0)
(3.386031778 7.769890005 0)
(3.572426121 3.783944459 0)
(3.261617764 2.760088539 0)
(-8.279380921 9.350526282 0)
(3.435387359 1.839810404 0)
(-7.56626656 3.171502272 0)
(4.256928543 -3.95375056 0)
(-9.412606702 -4.8 0)
(3.070882424 -1.204312983 0)
(-0.7895448284 0.7602430006 0)
(-4.023326129 -3.953031763 0)
(0.8407074762 -7.681462474 0)
(-0.3239337548 1.451435404 0)
(-2.794212035 4.385406296 0)
(-3.011769564 5.377449273 0)
(-1.768835212 2.808811532 0)
(1.244587998 -5.186589703 0)
(-0.176740192 0.08607472347 0)
(-6.933056829 6.086899499 0)
(-1.557663122 0.6465643 0)
(-3.751379432 4.137162414 0)
(-3.956237599 7.375519142 0)
(3.258789071 -2.773897155 0)
(-7.614462406 -0.7747721395 0)
(1.600882729 -7.763839044 0)
(4.129920519 4.548336688 0)
(-1.532136882 -7.142398382 0)
(1.330471642 3.033756607 0)
(-0.5416986553 5.567576559 0)
(-3.489058316 0.605702299 0)
(1.513095926 -3.72608603 0)
(2.241754276 -9.45964153 0)
(-8.308574675 7.444574638 0)
(3.06750576 2.017392898 0)
(2.089130944 3.628292017 0)
(3.775619942 2.867102667 0)
(-8.103413894 4.7482844 0)
(-9.431595756 2.4 0)
(-0.8377818136 3.996310064 0)
(2.936408018 6.94767892 0)
(3.898076161 1.163175541 0)
(1.694247421 -1.722832512 0)
(3.47421431 -7.521017757 0)
(3.828089906 -9.358637032 0)
(3.9746054 5.368965703 0)
(-3.626788785 1.521708915 0)
(3.898040706 -1.162556579 0)
(-8.360711149 -9.363072659 0)
(-2.363645106 -6.115131828 0)
(-0.8582775428 1.5891006 0)
(1.570607511 2.596347784 0)
(1.902157758 1.158439287 0)
(-7.219640429 6.928458918 0)
(3.834378108 -5.754061789 0)
(-3.430226113 6.792983937 0)
(-3.590609489 -3.586519777 0)
(-1.738710369 -9.437182699 0)
(-2.281643984 -2.903357283 0)
(-2.644790279 -0.8952245425 0)
(1.124566344 -3.782978263 0)
(2.064904541 -1.543357674 0)
(-7.58753991 -8.360630855 0)
(-0.8269626358 3.116357408 0)
(-4.516771859 -3.626553468 0)
(-1.397119925 5.706559369 0)
(3.420186922 -1.846065116 0)
(1.288845768 5.617432628 0)
(-8.220260797 -5.032862069 0)
(1.488170216 -1.433276256 0)
(4.419902155 -1.766296979 0)
(1.997172782 -3.210671361 0)
(0.3441135131 1.6594838 0)
(-5.282001189 4.987525259 0)
(-0.1023571571 -1.766505306 0)
(1.739051464 -4.022974837 0)
(-0.6521476333 -6.494008417 0)
(-1.296683511 2.27402138 0)
(2.427607447 1.861437683 0)
(0.9272012795 -1.745886472 0)
(-0.2938246215 2.378351463 0)
(2.488221678 -1.162125258 0)
(-6.046083598 -5.823148982 0)
(-4.388587309 -0.6308567004 0)
(-0.3589813476 -1.065338073 0)
(-3.681503639 -4.487329492 0)
(-3.079893855 -0.4894018514 0)
(0.8016023724 -2.928642452 0)
(-0.1971382663 -2.273593732 0)
(-0.08640020305 -0.3374434374 0)
(-5.353105489 -7.538623423 0)
(4.550151263 -6.153352841 0)
(0.4818285311 2.970358006 0)
(0.9485852584 2.603112313 0)
(2.129232693 -6.11693914 0)
(2.602759165 -3.177113565 0)
(-9.420244288 7.071625237 0)
(1.419771328 1.921551072 0)
(-4.369973832 3.298068575 0)
(3.081007599 -2.009313269 0)
(0.9709958769 4.131682949 0)
(4.717689262 3.6499157 0)
(-1.518489752 8.405665428 0)
(2.189654446 9.356308701 0)
(-2.113512695 -3.786906409 0)
(-0.08196735907 5.35951117 0)
(4.410591024 2.269244538 0)
(-0.1788935519 7.002214481 0)
(-8.657871662 3.640180109 0)
(4.393384111 2.803060708 0)
(-5.604778331 2.07660277 0)
(-0.05231718838 -4.780192095 0)
(-7.145727449 9.431091611 0)
(-3.11838541 1.374243295 0)
(-3.54054882 -0.0827708519 0)
(-0.3594928906 -5.086545189 0)
(-2.741374081 -2.610637721 0)
(-5.25453207 -0.3494643953 0)
(3.038137929 -4.286385613 0)
(-3.016039316 -2.223642725 0)
(-5.865508229 5.387636036 0)
(-8.155274683 8.611051228 0)
(-0.753884186 -1.078009634 0)
(1.909984834 2.046763457 0)
(-7.002771575 -0.2015447899 0)
(4.416647997 -2.361616325 0)
(-9.411955437 9.410359459 0)
(-4.263537769 3.833624187 0)
(3.222332179 2.228146854 0)
(4.792325139 2.937606666 0)
(-2.61888075 4.952748271 0)
(-4.292152936 4.81839189 0)
(-7.067315801 4.161275756 0)
(-5.434830442 -9.375488405 0)
(2.411503326 -1.78846997 0)
(1.712622243 1.731958533 0)
(-0.181931963 1.885700624 0)
(-2.674217178 8.63421948 0)
(2.961422144 4.293231217 0)
(2.804745969 3.374103031 0)
(-7.211683232 -5.662764611 0)
(2.909534761 2.460440732 0)
(4.636834088 5.093549415 0)
(0.9291111707 1.426659209 0)
(-8.508775344 -1.636205323 0)
(0.7644063361 -3.458297785 0)
(-1.828525368 9.447853657 0)
(-6.934838057 -6.342134817 0)
(-3.305568738 -0.8180266541 0)
(4.348128725 -2.869726731 0)
(0.3090104302 -1.554486403 0)
(1.080226655 4.5204098 0)
(-0.1229767498 -7.878895967 0)
(-0.6883909771 -0.0414330522 0)
(4.067787296 -2.539582022 0)
(4.405557032 9.411038118 0)
(-0.5658924784 0.2039746821 0)
(-1.361692512 -5.717983315 0)
(-1.536870661 4.077244004 0)
(-4.787538842 -4.592972245 0)
(4.736740199 -3.024476444 0)
(-5.830043266 -4.493094388 0)
(0.6273835919 4.017383207 0)
(-2.78237159 -8.537333281 0)
(-0.4663823055 2.619457059 0)
(4.558251807 -7.499524059 0)
(-5.126452098 -5.118173866 0)
(-1.887961859 4.746965458 0)
(4.782542614 -2.237144386 0)
(3.946142639 4.262731522 0)
(-4.129115643 6.224893971 0)
(-3.913333346 5.203698343 0)
(4.410006817 -9.415620753 0)
(-4.722825679 -2.014990596 0)
(-8.773171245 0.9140013642 0)
(0.09413400569 8.63725058 0)
(-1.400098629 -1.728444764 0)
(0.5867559299 -4.157614601 0)
(-0.9810589535 -1.538117659 0)
(2.082677838 2.436253636 0)
(-3.528029147 -6.774885562 0)
(-2.686622339 -1.69329175 0)
(-1.474836454 -2.800766222 0)
(3.249576806 -5.275728746 0)
(-4.305425675 -2.452902823 0)
(1.381303114 7.302937055 0)
(4.717193039 -3.659095056 0)
(-6.128258612 0.1040550761 0)
(4.84257671 -1.781822306 0)
(-0.8447368622 -0.8743064061 0)
(-8.61900661 5.078762571 0)
(-3.373135662 -1.609843376 0)
(-3.108513543 -2.92965855 0)
(-0.01147910434 1.064563749 0)
(2.691326709 1.888099298 0)
(-6.605209608 -4.397303637 0)
(-0.6933845969 2.124125424 0)
(-4.160067929 0.08307401922 0)
(-1.938399746 3.847154307 0)
(-0.3149641228 2.856643367 0)
(-6.501957413 7.18245453 0)
(-0.9378868034 8.51800616 0)
(-4.68774611 6.527630996 0)
(-0.6564955978 -0.6909598362 0)
(-7.972546021 -6.670134214 0)
(2.368957223 4.601053898 0)
(0.2776746148 -6.187754102 0)
(1.692439694 5.753523741 0)
(-0.01796269435 2.854015638 0)
(3.41056029 -5.753903733 0)
(3.230342686 -2.232540107 0)
(4.480956828 -8.41510267 0)
(0.2633818932 -1.187455723 0)
(2.574343637 -5.529361389 0)
(-3.487559382 8.512207622 0)
(-4.759425061 5.546840142 0)
(-0.636011206 4.784013721 0)
(-7.22307574 -9.458043702 0)
(0.06244489956 6.107360631 0)
(3.545718547 4.198793922 0)
(-0.0002155222135 0.5606324874 0)
(2.533884548 -4.300764144 0)
(0.1575024967 3.629665679 0)
(2.094852002 -1.144022258 0)
(-2.071938848 -7.532363208 0)
(-8.622859973 8.17035018 0)
(4.298489912 1.144760748 0)
(1.855297403 1.613763628 0)
(1.388558247 5.157227065 0)
(-2.303212139 3.250939098 0)
(3.808020289 1.896968658 0)
(3.499699365 1.156969739 0)
(2.333065506 5.800979806 0)
(2.200791722 -7.331623147 0)
(3.781289959 8.216874693 0)
(-1.632283 1.10154691 0)
(3.071740572 4.689954793 0)
(-8.585121199 -0.6342872472 0)
(4.3 -1.133643352 0)
(-5.78738659 1.002718917 0)
(0.4433586272 6.856741525 0)
(3.499699365 -1.156969739 0)
(0.9021507125 -9.411128414 0)
(2.831929703 7.972021412 0)
(3.58226392 -4.990280962 0)
(0.8343650526 -5.557642028 0)
(-5.451126153 -8.702879447 0)
(2.259803105 -1.421826408 0)
(-4.896292942 -2.890821668 0)
(-0.70598656 9.436270882 0)
(-1.880068915 -0.4132989442 0)
(4.843744827 1.784133462 0)
(1.77703903 2.828513021 0)
(-4.90717907 -5.634894986 0)
(-1.083012178 -0.8678509987 0)
(-3.55940345 -2.666468631 0)
(-0.6285612575 0.6042098775 0)
(-7.23560867 2.225176975 0)
(4.435626719 -1.419683712 0)
(4.806605621 -2.591472329 0)
(-1.113315187 3.192315673 0)
(0.1435994458 2.609928798 0)
(0.3352544969 -2.220533427 0)
(2.240928138 8.676628505 0)
(-2.34520672 -2.020055059 0)
(1.721604027 -2.641151148 0)
(2.684173396 -1.825044835 0)
(2.919734138 1.419052102 0)
(4.067094519 -6.175440907 0)
(4.048876634 1.958606762 0)
(4.107558161 -2.082843846 0)
(-5.39309413 8.71122334 0)
(1.598897438 3.610214013 0)
(-9.379328688 -7.031168468 0)
(0.2865059536 0.8789383692 0)
(4.45726869 1.401828309 0)
(2.909261953 8.577001583 0)
(-3.578488717 3.373872769 0)
(1.031615631 -8.727708849 0)
(-1.626916397 7.829454583 0)
(-7.699527762 0.7309849414 0)
(-0.9113208227 -3.296561522 0)
(-0.3255374948 0.859967801 0)
(-1.820789802 0.5637057499 0)
(2.301959063 1.149088845 0)
(-0.4317847063 -3.630096831 0)
(2.590342146 4.30137403 0)
(4.549241989 7.622426233 0)
(1.827231444 -4.804892156 0)
(4.070000418 -5.45632072 0)
(-7.671923395 3.855849215 0)
(3.832173047 -1.901800911 0)
(0.5524673128 -2.793867979 0)
(-7.318051167 -1.185151373 0)
(1.459882032 2.128392748 0)
(-1.054788975 -1.280879367 0)
(3.305266725 -3.986094443 0)
(1.016749921 -2.498634452 0)
(3.768255965 6.914631641 0)
(-2.31741753 1.395616282 0)
(-7.603818055 -4.673808685 0)
(-0.3056796843 0.4852298772 0)
(-2.936801589 1.762694492 0)
(1.624982898 4.062176402 0)
(1.755671757 5.060615319 0)
(-2.185159787 2.698592936 0)
(0.1151031156 -3.156178497 0)
(3.153624388 -2.955113885 0)
(-5.521374846 -3.334277527 0)
(3.282029003 3.626665543 0)
(-1.368946572 -4.7632749 0)
(2.918016216 -1.425303331 0)
(-3.184422729 -3.819438294 0)
(3.972916521 -8.432959961 0)
(2.122434229 3.995014904 0)
(2.914430137 -2.435140054 0)
(-9.482515377 0.1130849176 0)
(2.296730299 -2.084762325 0)
(2.782278461 -6.584577966 0)
(-3.289473684 -9.539723264 0)
(2.100877553 -3.494437469 0)
(0.593373126 2.452200604 0)
(3.989895775 1.596205456 0)
(-9.422992676 -9.420127814 0)
(-4.924255671 -1.520482498 0)
(2.184554283 -2.444444707 0)
(-3.655465412 -0.647614784 0)
(-7.56268566 -3.783107796 0)
(2.035510341 6.455700959 0)
(0.7321815185 -1.697567478 0)
(-3.29556842 -5.844843996 0)
(1.63708515 -3.05389732 0)
(-0.6952663636 -0.2939471068 0)
(3.062480623 1.594822506 0)
(-6.618115059 -0.6649658034 0)
(-6.671336083 -7.470913788 0)
(2.488261646 -2.603012523 0)
(0.142475806 -2.676056071 0)
(-9.453956859 -0.965392536 0)
(-1.19516139 2.626526791 0)
(4.6757937 -5.781229314 0)
(3.759840561 2.327551259 0)
(-2.546992259 -0.2850948946 0)
(-0.1532557771 4.343495611 0)
(-7.653149361 1.270341909 0)
(-3.734292787 2.721501853 0)
(4.271077279 2.998887834 0)
(-7.62964172 7.639777708 0)
(2.700394297 2.929855905 0)
(-8.552516903 -7.113792601 0)
(1.123348735 -1.448152777 0)
(-7.544550713 5.730253262 0)
(0.8101847088 3.500526721 0)
(0.7988482825 -1.340520015 0)
(2.313409991 2.057605067 0)
(4.006921104 -1.607015487 0)
(-1.128303792 -7.506143138 0)
(-3.619752564 -1.357540743 0)
(-4.14849676 -1.53363176 0)
(-0.6127676798 -5.945504124 0)
(-1.957169755 -6.375918901 0)
(0.6700216532 -1.078401366 0)
(-1.176905801 -0.6428510852 0)
(-1.04722185 -0.4230350183 0)
(-0.5811319919 -1.425968346 0)
(-1.809187554 -0.8064139337 0)
(-3.002533921 -7.656654439 0)
(-0.001319102834 -1.543068075 0)
(-8.006626989 6.581891716 0)
(3.716482211 -4.377639711 0)
(4.184980468 -3.060320981 0)
(0.4162065727 2.094104456 0)
(1.14992217 6.460123434 0)
(-7.125447699 0.4227947397 0)
(2.586917939 2.229196529 0)
(0.2083335152 7.971799949 0)
(-0.7249976111 -4.454553596 0)
(-6.682546284 7.969745727 0)
(-6.561873405 -5.375031475 0)
(4.616598403 6.829249076 0)
(0.514547577 1.246905797 0)
(3.488559226 2.074635857 0)
(2.105812511 6.891226354 0)
(3.064325031 -1.610495547 0)
(-5.134377634 -0.8551462004 0)
(-0.9311109182 -5.609136202 0)
(-2.23774337 2.169138209 0)
(3.133157678 2.96010142 0)
(4.839039351 -1.379469261 0)
(-5.544953694 2.597578085 0)
(-0.3798913255 5.991071556 0)
(-9.371971143 4.503689751 0)
(-8.575568515 -0.1376568324 0)
(0.1225368307 3.082744019 0)
(-3.633535959 -8.624575214 0)
(-3.923583144 0.9019299233 0)
(-4.876830982 -9.559396895 0)
(0.2398264302 1.336792981 0)
(-8.42081085 -7.694671956 0)
(0.3095703711 -1.796629895 0)
(-5.665520018 -1.077474329 0)
(-5.834280228 -0.4027487989 0)
(0.5953098186 -2.096759847 0)
(-9.519100858 5.628309311 0)
(-0.7496237341 -5.168861654 0)
(0.438612746 -5.372159062 0)
(-0.1188517029 -8.821256402 0)
(-3.876603976 3.133114696 0)
(-6.208505118 3.81656613 0)
(-7.410595203 -2.212270241 0)
(-7.194785746 -2.661473692 0)
(-6.530827345 -6.936448785 0)
(2.801984442 5.328537399 0)
(-9.511954685 -8.839285532 0)
(-0.02761959041 -0.9711121979 0)
(-3.361007179 4.608963679 0)
(-5.706692757 5.923932346 0)
(-0.1368834036 -0.7390274286 0)
(1.071810324 -1.14272494 0)
(2.007406264 -2.713659174 0)
(-8.558614607 1.540954546 0)
(-5.148353073 -2.263245911 0)
(-5.476595944 9.463669041 0)
(-1.006881339 -0.01828900419 0)
(1.500265912 1.522258151 0)
(-3.345656184 2.708844049 0)
(-5.797237726 -2.535495481 0)
(2.877313565 -3.373102762 0)
(2.295191884 -6.510024147 0)
(4.842920065 1.375011878 0)
(4.603410527 8.866118115 0)
(-0.8344829017 5.146183138 0)
(0.7967662708 2.450557985 0)
(-2.760390598 -0.5575728739 0)
(1.14275189 3.898870918 0)
(-4.369011572 -8.709368818 0)
(4.5339695 -1.923471136 0)
(-2.65643761 7.805329952 0)
(-6.306519979 -3.132843355 0)
(-3.449000712 5.082422418 0)
(-7.867184979 -7.894265518 0)
(2.894432934 9.526975179 0)
(-6.009438692 -2.035232163 0)
(2.058314401 4.509188381 0)
(2.294118382 7.681421974 0)
(-1.495354993 -4.29149961 0)
(-2.259944599 -0.7672457289 0)
(3.888025552 9.494830853 0)
(-1.978286966 6.576717687 0)
(4.163919724 1.725633715 0)
(3.003134008 3.878013674 0)
(4.797837365 2.530313346 0)
(-0.4376564539 -0.8346959574 0)
(-1.088968802 0.4353153191 0)
(-0.4765023097 1.032526924 0)
(3.699057584 2.101196298 0)
(-1.835922912 1.466228737 0)
(-4.84687293 3.257981642 0)
(3.620463735 -2.498911731 0)
(3.424468952 -4.583916537 0)
(-2.139098683 0.05874005956 0)
(2.035249484 5.598095384 0)
(-6.889178597 -1.6052207 0)
(-0.7195199116 0.3650192726 0)
(3.492192584 -2.071775275 0)
(-3.829713255 -2.20374266 0)
(2.844001962 -7.140025413 0)
(4.18650743 -1.721288596 0)
(2.779338523 -9.473777229 0)
(4.64350542 1.146143703 0)
(4.212304569 2.415731329 0)
(3.128172193 -8.573915846 0)
(-1.026203085 -2.095589936 0)
(4.64350542 -1.146143703 0)
(-1.733841757 -4.963679862 0)
(0.8914413231 1.102214744 0)
(3.350738179 5.19400385 0)
(-5.448841763 -1.687734507 0)
(3.511549147 8.656929794 0)
(1.0276989 1.623093476 0)
(1.511131766 -1.859636732 0)
(0.8031596109 -5.994280555 0)
(-2.763199007 -6.927335853 0)
(-0.3181674432 -1.237437588 0)
(2.500624525 2.570778699 0)
(-4.294958247 -4.919695329 0)
(-9.515029344 8.837409865 0)
(-8.833370665 9.541336786 0)
(-0.1135357685 0.2581111795 0)
(4.736623114 -4.395820174 0)
(2.561050013 -1.3022064 0)
(-0.950229967 1.152089415 0)
(2.729860742 1.541233351 0)
(-3.104047234 0.3065295165 0)
(-6.419330661 5.51608351 0)
(0.1429033509 -0.7034010416 0)
(-5.299616222 -4.252830168 0)
(2.010543147 3.277400255 0)
(0.001528743522 3.344406853 0)
(-1.790333182 -1.235906598 0)
(-5.415869131 4.560185271 0)
(1.291390628 1.129371857 0)
(3.698084832 5.182911815 0)
(-4.319416575 8.177188747 0)
(-1.227111582 0.7517280466 0)
(-0.6015048465 -1.824139042 0)
(0.3004920375 1.039977187 0)
(-6.203575021 -1.343560968 0)
(-0.8112106328 -8.659966509 0)
(-0.4214693355 -0.4378699388 0)
(-1.970082135 -4.212056636 0)
(4.774477115 3.161493985 0)
(1.328141878 2.767713365 0)
(2.156188655 -1.721417691 0)
(4.058638596 3.308429073 0)
(3.924415574 3.784971456 0)
(3.611910146 -8.752888515 0)
(-6.873061902 3.232040422 0)
(-5.85229935 7.098501225 0)
(2.566288943 -2.181290434 0)
(4.812297005 2.241278751 0)
(-7.502994861 -0.3610467872 0)
(2.462293454 -4.00579417 0)
(-0.4207878336 1.719964776 0)
(-9.574948473 -3.201441063 0)
(3.459964721 3.181254546 0)
(4.66201175 1.900710841 0)
(-3.260646949 -4.336833204 0)
(0.6885586322 9.567073535 0)
(3.705208721 -2.09745851 0)
(-4.801625852 5.0734119 0)
(2.764852959 1.714134583 0)
(-1.893966277 -2.399414521 0)
(-4.032501633 -2.935389618 0)
(1.234119373 -4.370365386 0)
(-5.59200069 -4.980746017 0)
(-3.010945127 -1.163812713 0)
(-1.80443585 -1.491176161 0)
(-5.858475105 -6.990750125 0)
(-4.331812446 -7.234471457 0)
(-4.434878727 1.984265807 0)
(-9.461686331 1.85818233 0)
(-9.489353997 -7.761791318 0)
(4.603748754 -8.89430407 0)
(-1.849357535 -1.922934195 0)
(0.08425532945 1.376888249 0)
(0.3667106456 -4.923853608 0)
(3.986297036 -3.400769439 0)
(-1.158573161 -1.710837526 0)
(1.849568815 -1.5866983 0)
(-8.485989677 -8.77358536 0)
(-1.369054567 1.26014836 0)
(0.4544268425 4.548461435 0)
(-2.594625211 3.860854887 0)
(-8.87474635 -9.548109382 0)
(0.5603084711 -1.863556356 0)
(4.878039484 1.123816218 0)
(-6.354982841 0.5187343554 0)
(-4.989168314 7.799553889 0)
(4.878039484 -1.123816218 0)
(-4.443828254 -5.788290854 0)
(-1.039578338 0.6387995041 0)
(2.779158566 2.282147447 0)
(2.709888519 -1.574286349 0)
(-3.366330281 7.843258424 0)
(1.101816808 -1.818474767 0)
(-8.609700652 -3.436359499 0)
(-4.457915629 -4.09118102 0)
(-1.415979608 -0.6243725181 0)
(-1.514783766 -3.162359028 0)
(-1.216381137 5.154881416 0)
(-3.02912026 -1.478508349 0)
(0.7030341422 7.947386752 0)
(4.350517731 2.066001902 0)
(-1.112070401 -3.532685846 0)
(3.614885916 2.482343102 0)
(-0.6586129031 -2.406148991 0)
(3.619308431 1.760529843 0)
(0.3769575838 4.21608033 0)
(-1.542490673 -6.123054167 0)
(-0.277284182 3.371998102 0)
(0.7559520913 1.807501815 0)
(1.300053473 -1.570764146 0)
(-1.476268652 -3.683835081 0)
(-0.4366988364 2.191672127 0)
(0.1565444224 5.560177794 0)
(2.730146256 -2.644776446 0)
(-4.20296205 4.269960604 1)
(-4.852074215 -0.5339884138 1)
(-2.408016176 -4.13601737 1)
(1.1 4.902598969 1)
(1.3 -4.699406081 1)
(-1.402581323 2.978219229 1)
(2.9 3.097643775 1)
(2.884225995 -2.997449333 1)
(-2.36263453 -1.04676629 1)
(-1.821729323 0.8559622321 1)
(-0.8706350492 -2.279375403 1)
(1.1 2.818733356 1)
(1.086006434 -2.812493071 1)
(-1.737016138 6.141490022 1)
(-6.188985669 -4.047624204 1)
(-0.1777459732 2.141144493 1)
(-6.712210639 2.140859436 1)
(-4.108767934 1.790673584 1)
(-0.9536891092 -6.998064389 1)
(-0.9644196963 -1.075212277 1)
(-4.162418384 -6.788360303 1)
(2.1 2.181534117 1)
(3.933583208 2.139579319 1)
(3.9 -2.098021552 1)
(2.1 -2.181534117 1)
(-3.940695892 -2.576726578 1)
(-6.59500629 6.581305426 1)
(3.0191557 5.030929287 1)
(2.43448074 -6.888564539 1)
(1.939935017 7.330546904 1)
(-0.2051311815 -3.890971118 1)
(0.3966443444 -1.98899704 1)
(-0.16028679 3.604447935 1)
(3.10543051 -4.80633195 1)
(-0.5368811018 1.259062054 1)
(-7.38718606 -1.729819646 1)
(-7.242407105 -6.951164781 1)
(-4.144247288 6.752939676 1)
(-0.9945906421 0.2484936049 1)
(-3.403672256 0.1998312422 1)
(0.8068483593 1.966607837 1)
(2.921266705 1.807021418 1)
(-2.281833365 -2.429241873 1)
(1.27947657 -1.849098085 1)
(2.945077595 -1.819773541 1)
(-6.434714399 4.369920123 1)
(-2.633889883 2.086447396 1)
(-0.1695691861 -1.383566084 1)
(1.841103391 3.85564799 1)
(0.1276897506 6.591163271 1)
(-2.318864401 4.573705232 1)
(-4.241616826 -4.487094089 1)
(3.764066265 4.003268736 1)
(-6.647829586 0.1885597294 1)
(3.950278456 -3.148319081 1)
(-0.4552504236 5.127615506 1)
(-1.416764882 1.926596719 1)
(1.494970403 1.708267156 1)
(-5.579361897 -2.117771202 1)
(0.7530544797 -6.474974802 1)
(0.1819603652 1.521744911 1)
(-1.243061576 -5.239976305 1)
(3.373096453 6.646359229 1)
(-1.110056364 8.004560183 1)
(-5.277101085 2.992699422 1)
(4.02568623 3.064461718 1)
(-0.5924530204 -0.4830653425 1)
(1.887227532 -3.685986558 1)
(-3.640865016 -0.9737267547 1)
(-1.694769008 -1.722576131 1)
(-2.789417245 -5.762020912 1)
(-1.917969358 -0.1666752155 1)
(-2.589706966 -7.950783288 1)
(-5.331121801 0.8699107075 1)
(-0.05972677762 -2.907827926 1)
(4.323390071 1.568149305 1)
(3.5 1.617315446 1)
(-8.041875602 -3.519580503 1)
(3.5 -1.617315446 1)
(4.326080354 -1.605141134 1)
(0.8546489639 3.787344345 1)
(-1.369721956 -3.397959535 1)
(-3.174046657 3.365293784 1)
(1.999922701 5.985182685 1)
(-1.162982279 4.183296608 1)
(1.117655217 -8.141379383 1)
(-8.105189976 3.43580143 1)
(2.307336278 1.600252875 1)
(-5.260245649 5.530960567 1)
(-8.141226796 5.444879429 1)
(-5.459194358 8.046285376 1)
(2.3 -1.603462418 1)
(-5.526359606 -5.523706533 1)
(-8.039569576 8.033133468 1)
(0.547049499 8.386425721 1)
(-8.202076518 1.132183264 1)
(1.927141155 3.013538548 1)
(2.733857216 4.016037722 1)
(-5.577691656 -8.068177905 1)
(-3.036540909 8.208748342 1)
(3.633151694 -6.159488109 1)
(0.09028202638 -5.161039859 1)
(3.301290884 8.250963763 1)
(3.279719481 2.477506688 1)
(-0.4987411561 0.4546381593 1)
(3.997647907 -4.161418078 1)
(-7.634890412 -5.207381988 1)
(0.8898852553 -1.523603946 1)
(-3.502755795 5.603975038 1)
(2.175253035 -5.684188286 1)
(3.44555848 -8.151772327 1)
(0.2345209738 2.835570132 1)
(-0.6437170987 2.877029681 1)
(-1.294528738 -0.3691388693 1)
(3.281891647 -2.487169589 1)
(-3.049013093 -1.809880883 1)
(-2.725256076 1.105932757 1)
(0.7512941443 -3.819469309 1)
(-5.02512137 -3.346794113 1)
(1.68857233 -1.513571325 1)
(-0.9956992049 0.89124822 1)
(-8.036144601 -0.3655378344 1)
(2.764797592 -4.030770501 1)
(2.053421794 4.843027593 1)
(-4.497386653 -1.54980871 1)
(-0.4012728406 -8.335974019 1)
(4.043234372 4.957441574 1)
(-8.249286277 -8.251407857 1)
(-6.092491059 -0.8663901731 1)
(2.665303161 2.427400671 1)
(1.473982023 2.354953155 1)
(4.348156126 -2.583737123 1)
(1.864687989 -2.915526557 1)
(-3.157389898 -3.343185467 1)
(1.134962976 1.454706205 1)
(-0.3280377861 -1.96319156 1)
(-1.598179153 -0.9589842759 1)
(-0.2407571704 -0.8918002055 1)
(-2.842518247 -0.2668353474 1)
(4.405530659 2.542014354 1)
(0.158017615 4.452392611 1)
(2.637977414 -2.375897858 1)
(-0.1371760526 0.9191748018 1)
(-6.763564418 -2.912986443 1)
(0.3795938952 -1.346503929 1)
(-4.206254507 2.8097536 1)
(-0.7404591848 1.832982853 1)
(-4.090433138 -8.202941185 1)
(-0.7126146999 -1.610317409 1)
(-4.424271875 0.366199263 1)
(3.893357117 1.395400834 1)
(-2.912786878 6.531585354 1)
(3.122617184 1.393636466 1)
(3.122617184 -1.393636466 1)
(3.893357117 -1.395400834 1)
(1.914799199 1.407198131 1)
(0.6656131246 1.407570497 1)
(-2.265043271 3.613609055 1)
(-0.4349655457 -0.003974654223 1)
(-1.615034016 -2.492753303 1)
(4.040907099 -5.039125541 1)
(-8.683596614 -6.416755466 1)
(-1.681686578 5.138076886 1)
(0.9730010887 5.974978531 1)
(3.426832517 -3.652104796 1)
(1.542723583 -2.407591606 1)
(-2.073935128 1.580923948 1)
(-5.038903824 1.892219036 1)
(-2.433517146 0.3704930355 1)
(-1.091121572 -4.37029982 1)
(-2.194921246 -6.826296748 1)
(-8.614103977 -2.23554607 1)
(1.313328284 -1.386060507 1)
(-5.303127807 4.079063415 1)
(-1.956110937 2.436712843 1)
(4.046602837 5.816955702 1)
(4.470520536 -2.138604608 1)
(4.567246693 2.067540384 1)
(2.708715759 1.343231547 1)
(0.8705382877 -2.241295016 1)
(2.704771089 -1.382800992 1)
(1.387734572 3.397080304 1)
(1.630852356 8.760403138 1)
(0.3670137395 2.340059476 1)
(-4.002836632 -5.619913906 1)
(-5.349218413 6.781255092 1)
(-8.669974962 6.741835993 1)
(2.261882126 -4.681371139 1)
(4.291354159 3.596665388 1)
(3.489761261 3.411109712 1)
(-3.242608238 -4.8456515 1)
(-3.607799313 1.106232512 1)
(-0.7991443321 -2.974343607 1)
(2.377282445 3.475341886 1)
(-6.782939197 8.706436868 1)
(-6.338618375 3.281714461 1)
(-2.512214773 5.521817638 1)
(-6.92289073 -8.663811993 1)
(-0.9301836449 6.933019986 1)
(0.09545522819 -1.102875278 1)
(4.334507637 -3.631119762 1)
(-1.077780418 1.400629004 1)
(-4.114248515 8.662761701 1)
(-2.025160307 7.256357759 1)
(-5.665416385 -0.01850419802 1)
(0.1231393301 -7.365911838 1)
(-3.47774986 2.377687598 1)
(-0.9166283253 3.501683127 1)
(3.982584398 -7.17869758 1)
(-0.9652670724 2.358064399 1)
(0.3969220166 -2.546113076 1)
(4.643247919 1.352587356 1)
(2.401957824 -8.829470438 1)
(0.3581022549 5.262045344 1)
(4.642938829 -1.355896045 1)
(-0.176551707 -6.190866363 1)
(-0.2365203843 1.663799924 1)
(3.814785896 -2.639922957 1)
(3.795261219 2.581509469 1)
(-2.359191175 -1.701155731 1)
(-8.785991213 2.254573121 1)
(4.002798231 7.485360047 1)
(-3.278296227 4.197858482 1)
(0.5064670899 -3.185737645 1)
(-5.3082405 -6.947443279 1)
(-6.253261917 1.115184957 1)
(-2.182570151 -5.064925602 1)
(-4.057200028 -3.362939572 1)
(3.300934098 2.003613854 1)
(-2.529963128 2.885465402 1)
(-6.937513472 5.397152858 1)
(2.798399192 5.799400665 1)
(-8.761131431 -4.602112177 1)
(-1.58551511 0.325256879 1)
(1.270246614 -5.633953438 1)
(-2.166461247 -3.332453376 1)
(-1.471151527 -8.811728449 1)
(-3.92066946 -0.2871899435 1)
(4.355559496 4.279666976 1)
(2.518441125 2.052433344 1)
(1.5 1.349691665 1)
(0.3558392008 1.198186673 1)
(1.059987041 6.899322632 1)
(3.300934098 -2.003613854 1)
(-0.806828297 6.000299415 1)
(0.6748176215 3.253577488 1)
(1.484019737 -7.183879737 1)
(1.020409381 2.349616449 1)
(-3.157237363 -2.548684167 1)
(1.379954198 4.204091705 1)
(1.726983521 -1.952859696 1)
(3.416958407 -2.987862778 1)
(-6.61285266 -5.868995175 1)
(1.235368363 -3.424534799 1)
(1.88923557 1.833095436 1)
(2.4353247 2.844305118 1)
(2.488566237 -1.988216341 1)
(-4.802839723 -2.486252806 1)
(0.3077756903 -4.441280012 1)
(2.335408849 -3.354952328 1)
(2.501143293 6.685202073 1)
(-3.232683651 1.690506104 1)
(-1.234359411 -1.46871329 1)
(-0.4732684555 4.26162173 1)
(-1.861482855 -5.893619263 1)
(-2.038436117 8.833680366 1)
(-0.5440457569 -1.198090936 1)
(-8.788384747 4.450305861 1)
(-5.306148725 -4.681117355 1)
(-2.978362192 -0.8374505652 1)
(-4.362853923 5.240124943 1)
(4.643168416 -1.757556955 1)
(-7.568809369 4.438967721 1)
(0.3524698867 1.892667253 1)
(-5.304234165 -1.298278132 1)
(-3.790442049 -1.714197041 1)
(-7.073277023 -0.7458586733 1)
(-0.2655207322 -0.3838915171 1)
(2.082755464 -1.322546646 1)
(3.010857063 -5.63452002 1)
(-0.4431720872 8.87788669 1)
(4.478916516 -3.106725491 1)
(-1.556360343 -7.679440942 1)
(4.540985138 3.031253163 1)
(3.306569453 4.45575728 1)
(-3.178191618 -7.198503487 1)
(-4.596987031 1.165162736 1)
(-0.9018772438 -0.2343863584 1)
(-4.675161539 3.596078599 1)
(3.432291788 2.935336328 1)
(-1.600422394 1.362427963 1)
(1.208217515 1.992319726 1)
(2.915257998 7.481651081 1)
(-7.252979435 -4.260474456 1)
(-0.5475443036 0.8335930723 1)
(-0.1774038629 0.6557316468 1)
(-0.1555297694 7.480778863 1)
(-0.4339859755 -2.508186231 1)
(-8.867442005 8.87188702 1)
(-1.590127084 3.698337393 1)
(4.283036197 -5.783096325 1)
(-0.4865877256 -4.765089193 1)
(1.875457025 2.56834287 1)
(-7.707355999 2.467064145 1)
(1.690831148 5.389826816 1)
(1.754127228 -6.364020551 1)
(2.220821459 -2.672400791 1)
(4.295989722 1.318410463 1)
(0.1277092525 -1.689328784 1)
(-8.894310085 -1.165390694 1)
(-0.141046898 2.616478553 1)
(3.499494552 1.356295931 1)
(-7.217037896 0.9489547425 1)
(0.6814433418 2.669143727 1)
(4.294748802 -1.296746827 1)
(1.373164619 -4.064956716 1)
(-3.185661074 -8.961637375 1)
(3.499494552 -1.356295931 1)
(-8.919547984 0.3204304935 1)
(-2.000842159 -0.6456466631 1)
(-7.091636174 7.6132436 1)
(2.26208631 -7.84316298 1)
(-0.1032993811 1.300723722 1)
(-0.5930532184 2.364396676 1)
(4.18347954 6.832901665 1)
(-5.919520142 2.409715374 1)
(-5.845815882 -3.010039354 1)
(2.301442325 1.332235268 1)
(-7.67626268 -2.650858403 1)
(-4.491021987 7.74817346 1)
(-6.428720429 -1.767670446 1)
(-3.872753983 3.596205821 1)
(3.388944721 -4.248626601 1)
(0.4513990212 -9.010989045 1)
(-7.555610235 6.270475073 1)
(-4.907449947 -8.974211404 1)
(-1.887594834 4.322673231 1)
(-3.429599406 -0.3935129249 1)
(2.437457175 5.419027659 1)
(-1.265381924 -1.986685304 1)
(4.662478931 1.723323762 1)
(2.266449395 4.273103206 1)
(3.968868048 1.766067693 1)
(-0.7904077879 -3.609874729 1)
(4.070397601 8.877472955 1)
(2.953377775 2.218066504 1)
(-3.401538087 7.330014807 1)
(-2.029772882 -2.138508599 1)
(3.617408733 5.504513946 1)
(-4.305455294 -1.08674746 1)
(2.405439406 -1.306078845 1)
(3.000214834 3.591577106 1)
(-3.555462738 -4.035379901 1)
(-0.6024843626 -0.9419275955 1)
(-0.9511757008 -0.6464300811 1)
(4.020837542 -1.813301714 1)
(0.6220342445 -1.251219673 1)
(-1.038163362 -6.0732445 1)
(-9.032620437 -3.191581073 1)
(4.127780125 -8.891586602 1)
(-1.70039407 -3.948093073 1)
(0.04641251861 -3.51562099 1)
(0.7590115487 4.372642834 1)
(-6.108134478 -5.058779993 1)
(1.529938297 2.864484028 1)
(-8.99686215 -7.529353409 1)
(-2.025970029 -1.34872287 1)
(0.7946353083 -1.933763817 1)
(4.288996446 -6.579004329 1)
(2.372936472 8.135415382 1)
(-6.046771274 7.581284184 1)
(-0.1421368491 5.760921451 1)
(-0.1547389408 3.102014893 1)
(-2.069710503 3.005049504 1)
(2.990311128 -2.207502739 1)
(4.401495181 -4.336392883 1)
(0.09440538379 -2.319113738 1)
(0.1561050539 0.977400597 1)
(-4.698449952 -7.575420345 1)
(-4.593542149 2.393120102 1)
(3.894741661 -3.723739566 1)
(1.91022232 -1.750035388 1)
(-1.303761886 -0.8485472276 1)
(0.3140728769 3.895552481 1)
(-6.229010905 6.005475697 1)
(-4.578747623 6.029996977 1)
(2.692149569 9.073062641 1)
(-3.064232213 4.924217287 1)
(0.8357697501 1.261155624 1)
(1.607426376 -9.252005904 1)
(-3.477679972 -6.286758428 1)
(-0.3067713511 0.2492239409 1)
(-6.066708996 -7.516314909 1)
(0.02692423356 -0.7985826434 1)
(-8.978429403 7.668925752 1)
(3.200348935 -9.079774176 1)
(-5.868603074 4.746848975 1)
(0.5335094658 -1.667620059 1)
(-1.33756325 -0.008416598817 1)
(3.85873863 3.504769281 1)
(-8.875263016 5.792796753 1)
(2.140293934 -4.126125577 1)
(3.522396086 2.279630301 1)
(2.747511629 4.660599703 1)
(-1.000755109 4.813832732 1)
(2.575280135 1.677397948 1)
(-7.688165901 8.994335868 1)
(2.290116103 2.535767417 1)
(1.124805243 7.738684905 1)
(-8.98345503 -9.006436197 1)
(-9.216223935 3.069900293 1)
(1.005697842 -1.304351416 1)
(-5.962321809 9.041807472 1)
(-9.061225944 -5.563346998 1)
(-7.221344322 3.579571529 1)
(0.7776306287 -5.146388197 1)
(-4.638814392 -6.198549221 1)
(3.222121818 1.752813559 1)
(0.8098651908 8.931548724 1)
(3.326649956 -6.804247324 1)
(-3.356513521 9.150934929 1)
(-2.262533064 1.030008887 1)
(2.957796204 2.730263956 1)
(-1.158210979 -2.681285581 1)
(-6.057786094 -9.016442681 1)
(0.4472931855 -5.779381678 1)
(0.3322269389 3.315793414 1)
(-3.817255702 4.685367848 1)
(-5.016949421 0.06717201572 1)
(0.07414933666 1.766773832 1)
(-4.608053017 -5.281177088 1)
(2.581378607 -1.683862352 1)
(3.569105618 -2.284673323 1)
(3.224551501 -1.754114796 1)
(4.388751444 5.440443573 1)
(2.59975674 -6.038116734 1)
(-0.5357976778 -5.503083702 1)
(3.617580626 1.927924612 1)
(3.653075674 -5.37112972 1)
(1.651025372 1.973120262 1)
(1.604345976 6.787114366 1)
(-2.903177432 0.6289586672 1)
(-7.861957097 -7.340672096 1)
(-2.690371882 -1.272868273 1)
(4.190270972 2.175241189 1)
(1.708058258 -5.233731246 1)
(-0.9952738037 2.895166021 1)
(2.845596584 -7.710121746 1)
(-2.986217213 3.812937272 1)
(-0.8530259929 0.5176791164 1)
(-1.298526153 0.5004125237 1)
(2.639636359 -3.628656834 1)
(-1.543042068 2.552068571 1)
(-7.623859236 -6.175699083 1)
(-9.090844687 1.436338528 1)
(1.7 -1.248393942 1)
(4.211462559 -7.941497548 1)
(2.735273381 -5.098206093 1)
(4.647108845 -2.418898872 1)
(-3.957933129 0.5402969788 1)
(3.620789304 -1.878593185 1)
(2.580300467 -2.86994921 1)
(0.8428557343 1.624549425 1)
(3.77995554 -4.718076261 1)
(-2.614401502 1.5845771 1)
(-3.341749698 -1.232554819 1)
(4.200806481 -2.305224699 1)
(-7.621209012 0.1155915317 1)
(4.6426661 2.373494193 1)
(-4.830741435 4.584921911 1)
(-0.2054439157 -0.1593939412 1)
(-1.749136422 -4.583928214 1)
(-7.765916786 -8.99857537 1)
(-0.3575876887 -1.627686165 1)
(-1.43562739 0.9118432776 1)
(-8.044345045 -1.223942684 1)
(-3.577311057 6.249550243 1)
(3.271533231 4.046147256 1)
(-5.66110093 1.449391028 1)
(-0.3785989996 -3.274582768 1)
(-7.4283922 1.760774608 1)
(2.992460389 -2.704210446 1)
(-1.82372162 -3.05203994 1)
(2.879199022 1.197942043 1)
(-1.891002406 2.003584333 1)
(0.453573712 -1.077040312 1)
(-1.989122699 0.3287833971 1)
(4.491773053 4.711887134 1)
(-0.7763079425 0.1611201956 1)
(2.876957083 -1.203412587 1)
(-0.5813882474 -7.615888501 1)
(-2.417045048 -0.01072209002 1)
(1.828596417 3.43195865 1)
(1.208393887 -2.228746262 1)
(1.305184381 1.295297516 1)
(-2.137396505 8.092241192 1)
(-2.662832176 -2.128944064 1)
(2.176145539 1.886876197 1)
(3.758108239 4.55778045 1)
(-7.783186367 7.141684152 1)
(0.3676147588 -8.197809512 1)
(-5.741722789 3.540278547 1)
(-5.904061713 0.5763889743 1)
(-0.05637155445 -0.5661579744 1)
(1.895056532 -2.456932959 1)
(-1.673024671 -0.6178139098 1)
(4.260927765 -1.915637378 1)
(0.9007574785 -4.331922136 1)
(-4.917345977 -4.006251054 1)
(-4.045207588 -9.217507023 1)
(2.737160445 -4.621502008 1)
(-0.9858157387 5.516233299 1)
(-2.683287421 -3.143654122 1)
(-3.497860028 2.999285561 1)
(4.247161304 1.910816331 1)
(-2.469786756 -0.5714300421 1)
(-0.6973171704 -2.087273463 1)
(1.587766916 4.672963524 1)
(-0.8331432785 -9.220731993 1)
(1.491324621 -2.796180997 1)
(-5.489874883 -0.6869112156 1)
(-7.064121885 2.73376343 1)
(4.644085775 -2.767166462 1)
(0.6834714765 1.137761976 1)
(-6.167729132 -6.497478569 1)
(1.706681725 1.232415855 1)
(-0.549823394 3.286491637 1)
(-4.932402571 9.177341503 1)
(-7.216330762 -7.823944828 1)
(1.111130326 -1.645651811 1)
(3.381367503 6.010521812 1)
(0.7010476134 2.222443112 1)
(4.103158487 1.208400222 1)
(3.693865201 1.212076646 1)
(3.305137073 1.21647612 1)
(-5.553813457 -3.828041088 1)
(1.698989639 -4.39907978 1)
(1.423795507 3.825372065 1)
(2.879433698 1.624172709 1)
(4.102981213 -1.205305417 1)
(0.7637453459 -2.608646653 1)
(-4.448400244 -2.974379005 1)
(0.2745604828 -3.92911855 1)
(2.330006699 -3.732604153 1)
(3.693865201 -1.212076646 1)
(2.10812351 1.208589024 1)
(4.334216534 8.172285203 1)
(3.305137073 -1.21647612 1)
(-2.660292509 -3.63767432 1)
(-3.40297363 -2.118089027 1)
(-0.6163959427 1.535527275 1)
(3.504437478 4.889634002 1)
(-1.247194949 9.136939213 1)
(-2.377936084 -9.186598292 1)
(-2.978960819 2.494258915 1)
(-3.884301321 -7.523266643 1)
(-4.487742981 -0.1752734455 1)
(1.220853632 1.713459497 1)
(2.23002586 -1.890116104 1)
(4.647579148 2.707881933 1)
(-2.756816036 0.09329289294 1)
(0.7710965714 -7.04661833 1)
(4.624828234 -4.000526279 1)
(0.5642788494 1.683031109 1)
(-1.493944878 -6.554504854 1)
(-2.928303105 -6.368806819 1)
(-2.830090213 7.218460591 1)
(1.808058658 4.318326 1)
(-0.425485772 1.950342579 1)
(-2.342626565 6.14429261 1)
(2.866780946 -1.658241258 1)
(0.5425844938 7.370204875 1)
(-6.7570505 -3.66849066 1)
(0.07329930247 0.7864766339 1)
(-0.7201470304 1.0444984 1)
(-2.699314482 -4.608411241 1)
(-0.3576492679 -0.6254923643 1)
(-6.913795098 -4.929551841 1)
(-4.033550666 2.304804456 1)
(-6.262523617 -2.453388874 1)
(-3.896849099 8.039160733 1)
(-2.986190915 5.916610832 1)
(1.023814424 3.212041416 1)
(-5.096259187 -1.886457845 1)
(4.103881127 2.711285822 1)
(2.500229478 1.204619933 1)
(1.682009741 -3.363793246 1)
(0.1034199731 -6.676333876 1)
(-0.4713378452 3.715699229 1)
(0.8797612716 5.353710115 1)
(4.53860501 -5.334190223 1)
(1.484866706 -1.662345443 1)
(1.764773573 2.283912483 1)
(-2.847812593 -4.098423997 1)
(-4.206756408 -1.932163671 1)
(-3.801496615 -4.957861758 1)
(-2.153236911 5.091968869 1)
(3.766234805 1.642601403 1)
(1.455664214 -1.212607859 1)
(4.773347758 1.226091629 1)
(-6.270455438 -0.3333035127 1)
(0.1461191991 1.186067498 1)
(4.773347758 -1.226091629 1)
(4.605415924 3.357993155 1)
(-6.904019897 -2.22116951 1)
(4.602127949 3.984105802 1)
(4.745816793 -2.01347451 1)
(4.084504738 -2.830683598 1)
(3.659362252 -3.308051273 1)
(-3.574211549 -3.139744059 1)
(-1.079205142 1.73518888 1)
(1.672582467 1.531546181 1)
(0.01240349775 2.363073366 1)
(-0.2466052957 4.649918688 1)
(-1.257073122 -1.119758915 1)
(0.4956505751 5.797450311 1)
(3.790096438 -1.662251005 1)
(-0.4618790838 8.153553992 1)
(-3.34878907 -5.369848685 1)
(2.422615333 3.888219671 1)
(0.9703391431 -3.198207465 1)
(-4.56119946 1.57875029 1)
(3.987708213 2.384786857 1)
(0.1316933901 2.074495102 1)
(0.6836313912 4.83847882 1)
(-9.241332945 -3.882811989 1)
(-2.68908061 3.391377622 1)
(0.5929304757 -2.335602517 1)
(-8.113999336 -5.790062154 1)
(4.493301351 1.196993054 1)
(-8.09806894 1.880835977 1)
(4.493188098 -1.196509687 1)
(2.39093007 -2.285433263 1)
(-3.300107856 -8.087484779 1)
(-8.013321012 -4.274360758 1)
(1.246920558 2.530918492 1)
(3.215688079 -3.312149711 1)
(-7.338242754 -3.222953172 1)
(2.047239506 1.630029268 1)
(-0.8190678185 -1.321996741 1)
(-0.1228024972 -1.141957003 1)
(-1.537136106 -1.390685145 1)
(1.512787613 6.159288705 1)
(-1.137282057 -8.120046163 1)
(-0.4712377255 6.519199726 1)
(4.559980683 -4.782054304 1)
(2.780659195 2.0756328 1)
(-1.612109267 -0.287065303 1)
(4.794365461 -1.540230969 1)
(-9.149771111 -0.4050285065 1)
(-1.619284778 -2.092142509 1)
(-1.957859593 5.612686031 1)
(-8.18725768 0.3961389324 1)
(4.468054992 6.339888821 1)
(-5.847466952 -1.575759817 1)
(3.332594177 9.185643191 1)
(-0.9119668872 -1.832226613 1)
(-1.540658799 6.766944564 1)
(4.301687205 3.269271674 1)
(-3.604532357 1.945960127 1)
(-1.203038651 -3.869432137 1)
(0.5327877024 3.610221028 1)
(-9.070579145 -8.248434715 1)
(4.132762571 1.458936791 1)
(2.649584272 -8.243751246 1)
(-4.73355368 2.861156169 1)
(-2.414333113 2.472245358 1)
(0.1131212145 -1.320134406 1)
(3.299086408 1.481962068 1)
(3.713851275 3.169825851 1)
(2.517599361 1.453037124 1)
(-3.203300534 0.9587041665 1)
(-4.10267258 1.283723864 1)
(1.916274211 -1.20424024 1)
(1.758173522 7.999261704 1)
(1.048837108 -2.000003814 1)
(4.17470469 -1.464734266 1)
(-4.784981938 -1.067902268 1)
(-4.731977654 7.206682425 1)
(4.793053054 1.538364966 1)
(-5.063925406 1.33107262 1)
(2.377446029 2.293821263 1)
(-7.960238455 -1.977440151 1)
(-0.6737736526 -4.036824741 1)
(2.236597129 3.091476123 1)
(1.264480728 -2.550859757 1)
(3.299375656 -1.482116977 1)
(-0.4702543217 -0.2590305314 1)
(-0.1416239058 0.4227004909 1)
(4.15640848 3.980597611 1)
(-2.238572928 4.100944192 1)
(-6.98831447 4.789949041 1)
(2.573051443 3.195719464 1)
(0.310848343 -2.923955967 1)
(-4.86683016 0.7042533767 1)
(-6.096594557 8.294096118 1)
(-6.208756337 1.894894142 1)
(2.763285587 -2.099712713 1)
(3.628160233 -3.993210838 1)
(-0.9416916162 -4.809339332 1)
(-9.199121512 5.098713335 1)
(0.6654254022 6.420802369 1)
(-5.341094028 -2.717772471 1)
(-9.373669126 -6.379524974 1)
(-1.343479059 7.388448356 1)
(2.681956223 -1.175011142 1)
(-9.245259373 -1.675889698 1)
(-2.293380509 1.846701117 1)
(1.32837677 1.506981175 1)
(-5.114483825 2.470162053 1)
(-2.149918755 0.6619619414 1)
(3.207680077 3.223408709 1)
(-0.05116697208 4.010049414 1)
(-1.839729973 3.327530249 1)
(-0.7662010646 -2.628521923 1)
(-1.995453584 -0.9854024636 1)
(-4.064998201 5.699344871 1)
(1.670815898 3.174221235 1)
(-2.475189185 9.348343861 1)
(0.4141426783 1.417052895 1)
(-6.300406205 -8.126695637 1)
(0.07696601927 -2.008368404 1)
(-1.934998899 1.22555388 1)
(-1.023033404 2.062319257 1)
(-6.391843606 5.027566955 1)
(-8.364014386 -2.838853474 1)
(4.641456892 -3.330881255 1)
(0.8522740639 -1.159082032 1)
(-5.378020689 7.421940728 1)
(2.088274296 2.754143664 1)
(2.24606274 -2.946822443 1)
(-6.651580198 -1.177731868 1)
(-3.150434826 -0.09346874323 1)
(-1.177977679 1.079836515 1)
(1.092397959 8.269818309 1)
(3.670590335 1.444738052 1)
(-9.420306824 6.345640812 1)
(-8.180227941 6.08927538 1)
(-1.343196944 3.414615299 1)
(-5.19317004 6.170017838 1)
(-1.962867082 -2.680802943 1)
(-3.952570397 -1.257381723 1)
(-5.853659907 2.974394068 1)
(1.889897464 -1.403694602 1)
(-2.5858581 -7.349223269 1)
(-1.217682578 -2.334893622 1)
(-0.4224044957 -2.863578789 1)
(-6.566213174 9.436619915 1)
(1.35279748 9.452953658 1)
(4.815796783 2.011366339 1)
(3.514325147 -2.716764195 1)
(3.412479633 7.197155945 1)
(1.478188588 -2.062972623 1)
(-0.701033295 7.487464909 1)
(3.675362662 -1.448667973 1)
(3.149966513 5.484998122 1)
(-3.039417426 2.951486318 1)
(4.567216352 -7.031712834 1)
(3.890683238 -2.338341736 1)
(-1.398426573 4.608403072 1)
(-1.742189391 -5.412719882 1)
(0.8198228373 2.931302105 1)
(1.802808437 -2.195105543 1)
(-3.084647497 2.077698566 1)
(-3.980624442 -0.7656176427 1)
(-3.44030268 3.740294383 1)
(-4.92058325 -8.255729949 1)
(-5.85432044 4.150585612 1)
(-2.755139803 -5.206157 1)
(3.869425966 6.411381321 1)
(1.220588456 -1.211708723 1)
(-0.1250614138 -2.592483017 1)
(-6.929398608 1.511910674 1)
(2.135788164 1.435660913 1)
(-0.1393706246 -9.412403892 1)
(-5.98552896 6.525571591 1)
(1.067766539 1.188880029 1)
(1.31184875 -3.088321466 1)
(3.044258226 -3.750144365 1)
(0.2249012195 -0.9184861185 1)
(0.02566880734 9.363185293 1)
(1.084364906 3.545863528 1)
(-2.509546182 0.7741279991 1)
(4.262739501 -3.279689335 1)
(-9.342555019 3.924699214 1)
(-2.282407425 -5.575762415 1)
(-1.613184283 2.224307224 1)
(-6.094730683 -3.560013558 1)
(-1.16880327 -3.092888372 1)
(-7.428826652 8.240929203 1)
(0.6243500073 -1.464343006 1)
(-8.184242272 4.115568003 1)
(-6.635008863 -9.392097725 1)
(-0.3933366696 -7.01954081 1)
(-0.2734234496 1.123362376 1)
(-1.689593196 1.681749994 1)
(-4.086158986 9.38878757 1)
(-4.708995776 4.104269111 1)
(2.670401229 2.70394451 1)
(3.120325812 -6.136072861 1)
(3.812853403 -6.623642049 1)
(3.740035816 -2.938600647 1)
(-3.798368151 0.16048611 1)
(0.4686281143 -3.581648856 1)
(1.814134237 -8.35406414 1)
(-6.423478564 2.666544857 1)
(-0.3923333661 0.654832413 1)
(0.1326350962 4.878730363 1)
(4.436483667 1.820653667 1)
(-6.673149589 3.740331908 1)
(3.524623136 2.686033096 1)
(-4.810689272 8.336631992 1)
(2.448127926 7.197567467 1)
(-1.736835531 -3.468141072 1)
(-1.135487359 -0.1935834664 1)
(2.459737223 6.185400147 1)
(4.464435395 7.213993876 1)
(2.497703975 5.019030477 1)
(-2.196399121 -0.3492936296 1)
(-1.97264955 -8.246036618 1)
(-0.04332996628 1.539112132 1)
(-8.310634024 2.844805854 1)
(2.497722042 -1.503588143 1)
(-2.410917499 6.738643627 1)
(-1.217655636 3.809086059 1)
(-0.3954384284 -1.398235845 1)
(-5.178574513 3.541905447 1)
(-4.308951382 0.8231047194 1)
(-9.259473832 -2.553286882 1)
(-1.36983361 1.565158442 1)
(0.9750181426 1.826280605 1)
(2.697628852 1.149158704 1)
(4.536439236 -1.579487143 1)
(-0.8556813545 4.444297058 1)
(1.241522381 2.244499792 1)
(0.986962465 2.101668358 1)
(-0.8233562548 -0.4518202496 1)
(2.057780677 5.240031597 1)
(-0.2179639293 -4.321427624 1)
(0.4011083478 2.600661861 1)
(4.530414388 1.573001368 1)
(-0.05632812899 -5.657510709 1)
(2.726635529 3.703267962 1)
(1.713968797 -5.865220685 1)
(-0.779545503 1.344234935 1)
(1.94109811 -6.866595513 1)
(1.265182222 -6.677531682 1)
(-8.518489379 -3.925401846 1)
(2.909299041 6.380646609 1)
(4.079715916 -4.560589952 1)
(0.6733846439 -4.685461417 1)
(1.259956492 -6.168330286 1)
(-9.377034306 0.7291305484 1)
(-4.062258158 -6.206919069 1)
(2.275230337 -1.193324405 1)
(-2.056887759 -1.718208793 1)
(-6.733729325 0.7496472148 1)
(-1.764695475 0.04310729857 1)
(-1.18009952 6.340561283 1)
(0.4565408988 1.025304215 1)
(-5.406137374 0.3939264825 1)
(1.48400222 1.16268174 1)
(-1.265542274 0.2811206805 1)
(-7.519669004 5.092837335 1)
(2.031393626 -1.966401048 1)
(-9.295749276 8.304802846 1)
(3.07125608 1.203401226 1)
(4.691660544 4.375346809 1)
(-0.4671158255 -2.250219442 1)
(-2.129470125 -4.600760126 1)
(-2.36078228 -1.390765099 1)
(-4.736723032 -6.843768059 1)
(-0.8116878739 2.623842616 1)
(0.5907593709 1.937040098 1)
(4.621369006 5.82500732 1)
(-5.396366868 -6.325590427 1)
(2.218267751 -5.172623399 1)
(3.386031778 7.769890005 1)
(3.572426121 3.783944459 1)
(3.261617764 2.760088539 1)
(-8.279380921 9.350526282 1)
(3.435387359 1.839810404 1)
(-7.56626656 3.171502272 1)
(4.256928543 -3.95375056 1)
(-9.412606702 -4.8 1)
(3.070882424 -1.204312983 1)
(-0.7895448284 0.7602430006 1)
(-4.023326129 -3.953031763 1)
(0.8407074762 -7.681462474 1)
(-0.3239337548 1.451435404 1)
(-2.794212035 4.385406296 1)
(-3.011769564 5.377449273 1)
(-1.768835212 2.808811532 1)
(1.244587998 -5.186589703 1)
(-0.176740192 0.08607472347 1)
(-6.933056829 6.086899499 1)
(-1.557663122 0.6465643 1)
(-3.751379432 4.137162414 1)
(-3.956237599 7.375519142 1)
(3.258789071 -2.773897155 1)
(-7.614462406 -0.7747721395 1)
(1.600882729 -7.763839044 1)
(4.129920519 4.548336688 1)
(-1.532136882 -7.142398382 1)
(1.330471642 3.033756607 1)
(-0.5416986553 5.567576559 1)
(-3.489058316 0.605702299 1)
(1.513095926 -3.72608603 1)
(2.241754276 -9.45964153 1)
(-8.308574675 7.444574638 1)
(3.06750576 2.017392898 1)
(2.089130944 3.628292017 1)
(3.775619942 2.867102667 1)
(-8.103413894 4.7482844 1)
(-9.431595756 2.4 1)
(-0.8377818136 3.996310064 1)
(2.936408018 6.94767892 1)
(3.898076161 1.163175541 1)
(1.694247421 -1.722832512 1)
(3.47421431 -7.521017757 1)
(3.828089906 -9.358637032 1)
(3.9746054 5.368965703 1)
(-3.626788785 1.521708915 1)
(3.898040706 -1.162556579 1)
(-8.360711149 -9.363072659 1)
(-2.363645106 -6.115131828 1)
(-0.8582775428 1.5891006 1)
(1.570607511 2.596347784 1)
(1.902157758 1.158439287 1)
(-7.219640429 6.928458918 1)
(3.834378108 -5.754061789 1)
(-3.430226113 6.792983937 1)
(-3.590609489 -3.586519777 1)
(-1.738710369 -9.437182699 1)
(-2.281643984 -2.903357283 1)
(-2.644790279 -0.8952245425 1)
(1.124566344 -3.782978263 1)
(2.064904541 -1.543357674 1)
(-7.58753991 -8.360630855 1)
(-0.8269626358 3.116357408 1)
(-4.516771859 -3.626553468 1)
(-1.397119925 5.706559369 1)
(3.420186922 -1.846065116 1)
(1.288845768 5.617432628 1)
(-8.220260797 -5.032862069 1)
(1.488170216 -1.433276256 1)
(4.419902155 -1.766296979 1)
(1.997172782 -3.210671361 1)
(0.3441135131 1.6594838 1)
(-5.282001189 4.987525259 1)
(-0.1023571571 -1.766505306 1)
(1.739051464 -4.022974837 1)
(-0.6521476333 -6.494008417 1)
(-1.296683511 2.27402138 1)
(2.427607447 1.861437683 1)
(0.9272012795 -1.745886472 1)
(-0.2938246215 2.378351463 1)
(2.488221678 -1.162125258 1)
(-6.046083598 -5.823148982 1)
(-4.388587309 -0.6308567004 1)
(-0.3589813476 -1.065338073 1)
(-3.681503639 -4.487329492 1)
(-3.079893855 -0.4894018514 1)
(0.8016023724 -2.928642452 1)
(-0.1971382663 -2.273593732 1)
(-0.08640020305 -0.3374434374 1)
(-5.353105489 -7.538623423 1)
(4.550151263 -6.153352841 1)
(0.4818285311 2.970358006 1)
(0.9485852584 2.603112313 1)
(2.129232693 -6.11693914 1)
(2.602759165 -3.177113565 1)
(-9.420244288 7.071625237 1)
(1.419771328 1.921551072 1)
(-4.369973832 3.298068575 1)
(3.081007599 -2.009313269 1)
(0.9709958769 4.131682949 1)
(4.717689262 3.6499157 1)
(-1.518489752 8.405665428 1)
(2.189654446 9.356308701 1)
(-2.113512695 -3.786906409 1)
(-0.08196735907 5.35951117 1)
(4.410591024 2.269244538 1)
(-0.1788935519 7.002214481 1)
(-8.657871662 3.640180109 1)
(4.393384111 2.803060708 1)
(-5.604778331 2.07660277 1)
(-0.05231718838 -4.780192095 1)
(-7.145727449 9.431091611 1)
(-3.11838541 1.374243295 1)
(-3.54054882 -0.0827708519 1)
(-0.3594928906 -5.086545189 1)
(-2.741374081 -2.610637721 1)
(-5.25453207 -0.3494643953 1)
(3.038137929 -4.286385613 1)
(-3.016039316 -2.223642725 1)
(-5.865508229 5.387636036 1)
(-8.155274683 8.611051228 1)
(-0.753884186 -1.078009634 1)
(1.909984834 2.046763457 1)
(-7.002771575 -0.2015447899 1)
(4.416647997 -2.361616325 1)
(-9.411955437 9.410359459 1)
(-4.263537769 3.833624187 1)
(3.222332179 2.228146854 1)
(4.792325139 2.937606666 1)
(-2.61888075 4.952748271 1)
(-4.292152936 4.81839189 1)
(-7.067315801 4.161275756 1)
(-5.434830442 -9.375488405 1)
(2.411503326 -1.78846997 1)
(1.712622243 1.731958533 1)
(-0.181931963 1.885700624 1)
(-2.674217178 8.63421948 1)
(2.961422144 4.293231217 1)
(2.804745969 3.374103031 1)
(-7.211683232 -5.662764611 1)
(2.909534761 2.460440732 1)
(4.636834088 5.093549415 1)
(0.9291111707 1.426659209 1)
(-8.508775344 -1.636205323 1)
(0.7644063361 -3.458297785 1)
(-1.828525368 9.447853657 1)
(-6.934838057 -6.342134817 1)
(-3.305568738 -0.8180266541 1)
(4.348128725 -2.869726731 1)
(0.3090104302 -1.554486403 1)
(1.080226655 4.5204098 1)
(-0.1229767498 -7.878895967 1)
(-0.6883909771 -0.0414330522 1)
(4.067787296 -2.539582022 1)
(4.405557032 9.411038118 1)
(-0.5658924784 0.2039746821 1)
(-1.361692512 -5.717983315 1)
(-1.536870661 4.077244004 1)
(-4.787538842 -4.592972245 1)
(4.736740199 -3.024476444 1)
(-5.830043266 -4.493094388 1)
(0.6273835919 4.017383207 1)
(-2.78237159 -8.537333281 1)
(-0.4663823055 2.619457059 1)
(4.558251807 -7.499524059 1)
(-5.126452098 -5.118173866 1)
(-1.887961859 4.746965458 1)
(4.782542614 -2.237144386 1)
(3.946142639 4.262731522 1)
(-4.129115643 6.224893971 1)
(-3.913333346 5.203698343 1)
(4.410006817 -9.415620753 1)
(-4.722825679 -2.014990596 1)
(-8.773171245 0.9140013642 1)
(0.09413400569 8.63725058 1)
(-1.400098629 -1.728444764 1)
(0.5867559299 -4.157614601 1)
(-0.9810589535 -1.538117659 1)
(2.082677838 2.436253636 1)
(-3.528029147 -6.774885562 1)
(-2.686622339 -1.69329175 1)
(-1.474836454 -2.800766222 1)
(3.249576806 -5.275728746 1)
(-4.305425675 -2.452902823 1)
(1.381303114 7.302937055 1)
(4.717193039 -3.659095056 1)
(-6.128258612 0.1040550761 1)
(4.84257671 -1.781822306 1)
(-0.8447368622 -0.8743064061 1)
(-8.61900661 5.078762571 1)
(-3.373135662 -1.609843376 1)
(-3.108513543 -2.92965855 1)
(-0.01147910434 1.064563749 1)
(2.691326709 1.888099298 1)
(-6.605209608 -4.397303637 1)
(-0.6933845969 2.124125424 1)
(-4.160067929 0.08307401922 1)
(-1.938399746 3.847154307 1)
(-0.3149641228 2.856643367 1)
(-6.501957413 7.18245453 1)
(-0.9378868034 8.51800616 1)
(-4.68774611 6.527630996 1)
(-0.6564955978 -0.6909598362 1)
(-7.972546021 -6.670134214 1)
(2.368957223 4.601053898 1)
(0.2776746148 -6.187754102 1)
(1.692439694 5.753523741 1)
(-0.01796269435 2.854015638 1)
(3.41056029 -5.753903733 1)
(3.230342686 -2.232540107 1)
(4.480956828 -8.41510267 1)
(0.2633818932 -1.187455723 1)
(2.574343637 -5.529361389 1)
(-3.487559382 8.512207622 1)
(-4.759425061 5.546840142 1)
(-0.636011206 4.784013721 1)
(-7.22307574 -9.458043702 1)
(0.06244489956 6.107360631 1)
(3.545718547 4.198793922 1)
(-0.0002155222135 0.5606324874 1)
(2.533884548 -4.300764144 1)
(0.1575024967 3.629665679 1)
(2.094852002 -1.144022258 1)
(-2.071938848 -7.532363208 1)
(-8.622859973 8.17035018 1)
(4.298489912 1.144760748 1)
(1.855297403 1.613763628 1)
(1.388558247 5.157227065 1)
(-2.303212139 3.250939098 1)
(3.808020289 1.896968658 1)
(3.499699365 1.156969739 1)
(2.333065506 5.800979806 1)
(2.200791722 -7.331623147 1)
(3.781289959 8.216874693 1)
(-1.632283 1.10154691 1)
(3.071740572 4.689954793 1)
(-8.585121199 -0.6342872472 1)
(4.3 -1.133643352 1)
(-5.78738659 1.002718917 1)
(0.4433586272 6.856741525 1)
(3.499699365 -1.156969739 1)
(0.9021507125 -9.411128414 1)
(2.831929703 7.972021412 1)
(3.58226392 -4.990280962 1)
(0.8343650526 -5.557642028 1)
(-5.451126153 -8.702879447 1)
(2.259803105 -1.421826408 1)
(-4.896292942 -2.890821668 1)
(-0.70598656 9.436270882 1)
(-1.880068915 -0.4132989442 1)
(4.843744827 1.784133462 1)
(1.77703903 2.828513021 1)
(-4.90717907 -5.634894986 1)
(-1.083012178 -0.8678509987 1)
(-3.55940345 -2.666468631 1)
(-0.6285612575 0.6042098775 1)
(-7.23560867 2.225176975 1)
(4.435626719 -1.419683712 1)
(4.806605621 -2.591472329 1)
(-1.113315187 3.192315673 1)
(0.1435994458 2.609928798 1)
(0.3352544969 -2.220533427 1)
(2.240928138 8.676628505 1)
(-2.34520672 -2.020055059 1)
(1.721604027 -2.641151148 1)
(2.684173396 -1.825044835 1)
(2.919734138 1.419052102 1)
(4.067094519 -6.175440907 1)
(4.048876634 1.958606762 1)
(4.107558161 -2.082843846 1)
(-5.39309413 8.71122334 1)
(1.598897438 3.610214013 1)
(-9.379328688 -7.031168468 1)
(0.2865059536 0.8789383692 1)
(4.45726869 1.401828309 1)
(2.909261953 8.577001583 1)
(-3.578488717 3.373872769 1)
(1.031615631 -8.727708849 1)
(-1.626916397 7.829454583 1)
(-7.699527762 0.7309849414 1)
(-0.9113208227 -3.296561522 1)
(-0.3255374948 0.859967801 1)
(-1.820789802 0.5637057499 1)
(2.301959063 1.149088845 1)
(-0.4317847063 -3.630096831 1)
(2.590342146 4.30137403 1)
(4.549241989 7.622426233 1)
(1.827231444 -4.804892156 1)
(4.070000418 -5.45632072 1)
(-7.671923395 3.855849215 1)
(3.832173047 -1.901800911 1)
(0.5524673128 -2.793867979 1)
(-7.318051167 -1.185151373 1)
(1.459882032 2.128392748 1)
(-1.054788975 -1.280879367 1)
(3.305266725 -3.986094443 1)
(1.016749921 -2.498634452 1)
(3.768255965 6.914631641 1)
(-2.31741753 1.395616282 1)
(-7.603818055 -4.673808685 1)
(-0.3056796843 0.4852298772 1)
(-2.936801589 1.762694492 1)
(1.624982898 4.062176402 1)
(1.755671757 5.060615319 1)
(-2.185159787 2.698592936 1)
(0.1151031156 -3.156178497 1)
(3.153624388 -2.955113885 1)
(-5.521374846 -3.334277527 1)
(3.282029003 3.626665543 1)
(-1.368946572 -4.7632749 1)
(2.918016216 -1.425303331 1)
(-3.184422729 -3.819438294 1)
(3.972916521 -8.432959961 1)
(2.122434229 3.995014904 1)
(2.914430137 -2.435140054 1)
(-9.482515377 0.1130849176 1)
(2.296730299 -2.084762325 1)
(2.782278461 -6.584577966 1)
(-3.289473684 -9.539723264 1)
(2.100877553 -3.494437469 1)
(0.593373126 2.452200604 1)
(3.989895775 1.596205456 1)
(-9.422992676 -9.420127814 1)
(-4.924255671 -1.520482498 1)
(2.184554283 -2.444444707 1)
(-3.655465412 -0.647614784 1)
(-7.56268566 -3.783107796 1)
(2.035510341 6.455700959 1)
(0.7321815185 -1.697567478 1)
(-3.29556842 -5.844843996 1)
(1.63708515 -3.05389732 1)
(-0.6952663636 -0.2939471068 1)
(3.062480623 1.594822506 1)
(-6.618115059 -0.6649658034 1)
(-6.671336083 -7.470913788 1)
(2.488261646 -2.603012523 1)
(0.142475806 -2.676056071 1)
(-9.453956859 -0.965392536 1)
(-1.19516139 2.626526791 1)
(4.6757937 -5.781229314 1)
(3.759840561 2.327551259 1)
(-2.546992259 -0.2850948946 1)
(-0.1532557771 4.343495611 1)
(-7.653149361 1.270341909 1)
(-3.734292787 2.721501853 1)
(4.271077279 2.998887834 1)
(-7.62964172 7.639777708 1)
(2.700394297 2.929855905 1)
(-8.552516903 -7.113792601 1)
(1.123348735 -1.448152777 1)
(-7.544550713 5.730253262 1)
(0.8101847088 3.500526721 1)
(0.7988482825 -1.340520015 1)
(2.313409991 2.057605067 1)
(4.006921104 -1.607015487 1)
(-1.128303792 -7.506143138 1)
(-3.619752564 -1.357540743 1)
(-4.14849676 -1.53363176 1)
(-0.6127676798 -5.945504124 1)
(-1.957169755 -6.375918901 1)
(0.6700216532 -1.078401366 1)
(-1.176905801 -0.6428510852 1)
(-1.04722185 -0.4230350183 1)
(-0.5811319919 -1.425968346 1)
(-1.809187554 -0.8064139337 1)
(-3.002533921 -7.656654439 1)
(-0.001319102834 -1.543068075 1)
(-8.006626989 6.581891716 1)
(3.716482211 -4.377639711 1)
(4.184980468 -3.060320981 1)
(0.4162065727 2.094104456 1)
(1.14992217 6.460123434 1)
(-7.125447699 0.4227947397 1)
(2.586917939 2.229196529 1)
(0.2083335152 7.971799949 1)
(-0.7249976111 -4.454553596 1)
(-6.682546284 7.969745727 1)
(-6.561873405 -5.375031475 1)
(4.616598403 6.829249076 1)
(0.514547577 1.246905797 1)
(3.488559226 2.074635857 1)
(2.105812511 6.891226354 1)
(3.064325031 -1.610495547 1)
(-5.134377634 -0.8551462004 1)
(-0.9311109182 -5.609136202 1)
(-2.23774337 2.169138209 1)
(3.133157678 2.96010142 1)
(4.839039351 -1.379469261 1)
(-5.544953694 2.597578085 1)
(-0.3798913255 5.991071556 1)
(-9.371971143 4.503689751 1)
(-8.575568515 -0.1376568324 1)
(0.1225368307 3.082744019 1)
(-3.633535959 -8.624575214 1)
(-3.923583144 0.9019299233 1)
(-4.876830982 -9.559396895 1)
(0.2398264302 1.336792981 1)
(-8.42081085 -7.694671956 1)
(0.3095703711 -1.796629895 1)
(-5.665520018 -1.077474329 1)
(-5.834280228 -0.4027487989 1)
(0.5953098186 -2.096759847 1)
(-9.519100858 5.628309311 1)
(-0.7496237341 -5.168861654 1)
(0.438612746 -5.372159062 1)
(-0.1188517029 -8.821256402 1)
(-3.876603976 3.133114696 1)
(-6.208505118 3.81656613 1)
(-7.410595203 -2.212270241 1)
(-7.194785746 -2.661473692 1)
(-6.530827345 -6.936448785 1)
(2.801984442 5.328537399 1)
(-9.511954685 -8.839285532 1)
(-0.02761959041 -0.9711121979 1)
(-3.361007179 4.608963679 1)
(-5.706692757 5.923932346 1)
(-0.1368834036 -0.7390274286 1)
(1.071810324 -1.14272494 1)
(2.007406264 -2.713659174 1)
(-8.558614607 1.540954546 1)
(-5.148353073 -2.263245911 1)
(-5.476595944 9.463669041 1)
(-1.006881339 -0.01828900419 1)
(1.500265912 1.522258151 1)
(-3.345656184 2.708844049 1)
(-5.797237726 -2.535495481 1)
(2.877313565 -3.373102762 1)
(2.295191884 -6.510024147 1)
(4.842920065 1.375011878 1)
(4.603410527 8.866118115 1)
(-0.8344829017 5.146183138 1)
(0.7967662708 2.450557985 1)
(-2.760390598 -0.5575728739 1)
(1.14275189 3.898870918 1)
(-4.369011572 -8.709368818 1)
(4.5339695 -1.923471136 1)
(-2.65643761 7.805329952 1)
(-6.306519979 -3.132843355 1)
(-3.449000712 5.082422418 1)
(-7.867184979 -7.894265518 1)
(2.894432934 9.526975179 1)
(-6.009438692 -2.035232163 1)
(2.058314401 4.509188381 1)
(2.294118382 7.681421974 1)
(-1.495354993 -4.29149961 1)
(-2.259944599 -0.7672457289 1)
(3.888025552 9.494830853 1)
(-1.978286966 6.576717687 1)
(4.163919724 1.725633715 1)
(3.003134008 3.878013674 1)
(4.797837365 2.530313346 1)
(-0.4376564539 -0.8346959574 1)
(-1.088968802 0.4353153191 1)
(-0.4765023097 1.032526924 1)
(3.699057584 2.101196298 1)
(-1.835922912 1.466228737 1)
(-4.84687293 3.257981642 1)
(3.620463735 -2.498911731 1)
(3.424468952 -4.583916537 1)
(-2.139098683 0.05874005956 1)
(2.035249484 5.598095384 1)
(-6.889178597 -1.6052207 1)
(-0.7195199116 0.3650192726 1)
(3.492192584 -2.071775275 1)
(-3.829713255 -2.20374266 1)
(2.844001962 -7.140025413 1)
(4.18650743 -1.721288596 1)
(2.779338523 -9.473777229 1)
(4.64350542 1.146143703 1)
(4.212304569 2.415731329 1)
(3.128172193 -8.573915846 1)
(-1.026203085 -2.095589936 1)
(4.64350542 -1.146143703 1)
(-1.733841757 -4.963679862 1)
(0.8914413231 1.102214744 1)
(3.350738179 5.19400385 1)
(-5.448841763 -1.687734507 1)
(3.511549147 8.656929794 1)
(1.0276989 1.623093476 1)
(1.511131766 -1.859636732 1)
(0.8031596109 -5.994280555 1)
(-2.763199007 -6.927335853 1)
(-0.3181674432 -1.237437588 1)
(2.500624525 2.570778699 1)
(-4.294958247 -4.919695329 1)
(-9.515029344 8.837409865 1)
(-8.833370665 9.541336786 1)
(-0.1135357685 0.2581111795 1)
(4.736623114 -4.395820174 1)
(2.561050013 -1.3022064 1)
(-0.950229967 1.152089415 1)
(2.729860742 1.541233351 1)
(-3.104047234 0.3065295165 1)
(-6.419330661 5.51608351 1)
(0.1429033509 -0.7034010416 1)
(-5.299616222 -4.252830168 1)
(2.010543147 3.277400255 1)
(0.001528743522 3.344406853 1)
(-1.790333182 -1.235906598 1)
(-5.415869131 4.560185271 1)
(1.291390628 1.129371857 1)
(3.698084832 5.182911815 1)
(-4.319416575 8.177188747 1)
(-1.227111582 0.7517280466 1)
(-0.6015048465 -1.824139042 1)
(0.3004920375 1.039977187 1)
(-6.203575021 -1.343560968 1)
(-0.8112106328 -8.659966509 1)
(-0.4214693355 -0.4378699388 1)
(-1.970082135 -4.212056636 1)
(4.774477115 3.161493985 1)
(1.328141878 2.767713365 1)
(2.156188655 -1.721417691 1)
(4.058638596 3.308429073 1)
(3.924415574 3.784971456 1)
(3.611910146 -8.752888515 1)
(-6.873061902 3.232040422 1)
(-5.85229935 7.098501225 1)
(2.566288943 -2.181290434 1)
(4.812297005 2.241278751 1)
(-7.502994861 -0.3610467872 1)
(2.462293454 -4.00579417 1)
(-0.4207878336 1.719964776 1)
(-9.574948473 -3.201441063 1)
(3.459964721 3.181254546 1)
(4.66201175 1.900710841 1)
(-3.260646949 -4.336833204 1)
(0.6885586322 9.567073535 1)
(3.705208721 -2.09745851 1)
(-4.801625852 5.0734119 1)
(2.764852959 1.714134583 1)
(-1.893966277 -2.399414521 1)
(-4.032501633 -2.935389618 1)
(1.234119373 -4.370365386 1)
(-5.59200069 -4.980746017 1)
(-3.010945127 -1.163812713 1)
(-1.80443585 -1.491176161 1)
(-5.858475105 -6.990750125 1)
(-4.331812446 -7.234471457 1)
(-4.434878727 1.984265807 1)
(-9.461686331 1.85818233 1)
(-9.489353997 -7.761791318 1)
(4.603748754 -8.89430407 1)
(-1.849357535 -1.922934195 1)
(0.08425532945 1.376888249 1)
(0.3667106456 -4.923853608 1)
(3.986297036 -3.400769439 1)
(-1.158573161 -1.710837526 1)
(1.849568815 -1.5866983 1)
(-8.485989677 -8.77358536 1)
(-1.369054567 1.26014836 1)
(0.4544268425 4.548461435 1)
(-2.594625211 3.860854887 1)
(-8.87474635 -9.548109382 1)
(0.5603084711 -1.863556356 1)
(4.878039484 1.123816218 1)
(-6.354982841 0.5187343554 1)
(-4.989168314 7.799553889 1)
(4.878039484 -1.123816218 1)
(-4.443828254 -5.788290854 1)
(-1.039578338 0.6387995041 1)
(2.779158566 2.282147447 1)
(2.709888519 -1.574286349 1)
(-3.366330281 7.843258424 1)
(1.101816808 -1.818474767 1)
(-8.609700652 -3.436359499 1)
(-4.457915629 -4.09118102 1)
(-1.415979608 -0.6243725181 1)
(-1.514783766 -3.162359028 1)
(-1.216381137 5.154881416 1)
(-3.02912026 -1.478508349 1)
(0.7030341422 7.947386752 1)
(4.350517731 2.066001902 1)
(-1.112070401 -3.532685846 1)
(3.614885916 2.482343102 1)
(-0.6586129031 -2.406148991 1)
(3.619308431 1.760529843 1)
(0.3769575838 4.21608033 1)
(-1.542490673 -6.123054167 1)
(-0.277284182 3.371998102 1)
(0.7559520913 1.807501815 1)
(1.300053473 -1.570764146 1)
(-1.476268652 -3.683835081 1)
(-0.4366988364 2.191672127 1)
(0.1565444224 5.560177794 1)
(2.730146256 -2.644776446 1)
)


// ************************************************************************* //
